6,20498;2,33758
6,22363;2,33758
6,33726;2,40428
6,3932;2,40428
6,43303;2,41954
6,45951;2,41954
7,41641;2,40322
7,62137;2,40322
4,20631;1,71281
5,75321;1,71281
8,78408;2,81042
9,19006;2,81042
25,8629;2,11591
24,7773;2,11591
27,5189;2,23476
26,0792;2,23476
26,1861;2,19035
25,2131;2,19035
7,94715;2,94444
8,07022;2,94444
4,68799;2,91537
5,2085;2,91537
5,65777;2,14156
4,71433;2,14156
25,9367;1,91295
28,9445;1,91295
25,7717;1,90814
28,782;1,90814
18,8334;2,79274
19,4501;2,79274
9,01179;2,83628
10,3019;2,83628
10,318;2,95479
9,29911;2,95479
16,4158;1,10712
17,5306;1,10712
5,2872;2,21867
5,43552;2,21867
18,7455;2,09984
18,1084;2,09984
20,8538;1,56898
19,9517;1,56898
0,326278;1,18597
0,97941;1,18597
0,0153359;1,15572
0,609599;1,15572
4,34034;1,96154
5,95425;1,96154
18,8837;1,94169
19,375;1,94169
9,81209;2,89449
8,57913;2,89449
3,32677;0,840233
1,70279;0,840233
9,50978;2,80896
8,25725;2,80896
8,57841;2,85883
8,81601;2,85883
21,4313;2,70226
22,0258;2,70226
22,3948;2,49607
22,6911;2,49607
17,9854;2,27684
17,6785;2,27684
19,9339;2,27615
19,6911;2,27615
10,6429;2,97493
9,49666;2,97493
7,81745;3,04902
8,31143;3,04902
20,87;1,10535
19,6694;1,10535
23,1421;1,10889
20,9167;1,10889
6,75577;2,24585
6,74252;2,24585
6,1248;1,92529
6,3613;1,92529
5,34016;2,02816
5,24632;2,02816
22,1903;1,18432
20,118;1,18432
18,8549;2,89753
17,7284;2,89753
25,2911;1,88658
26,4929;1,88658
26,4864;1,28024
27,9511;1,28024
25,2627;1,28359
25,8275;1,28359
18,0527;2,52708
18,4947;2,52708
9,01779;2,94298
9,22677;2,94298
13,8308;2,97137
14,4343;2,97137
6,29114;2,33272
5,18797;2,33272
6,09457;2,35568
4,77942;2,35568
13,7836;2,49387
13,6389;2,49387
13,6206;2,54076
13,5139;2,54076
0,315063;1,58264
0,418698;1,58264
3,94575;1,33867
2,81141;1,33867
8,71169;2,89516
8,04417;2,89516
1,30136;0,96388
0,85112;0,96388
5,809;1,52161
4,52579;1,52161
10,8008;0,668225
9,34909;0,668225
8,17258;2,8506
6,91518;2,8506
19,0371;1,84441
18,6859;1,84441
21,5176;1,83526
20,9962;1,83526
6,53628;2,34343
5,08924;2,34343
7,98191;2,82799
6,80144;2,82799
9,06313;2,85554
9,32241;2,85554
1,43477;0,923869
2,15634;0,923869
8,71623;2,80923
7,69306;2,80923
10,0118;0,624323
10,3451;0,624323
5,34675;2,0269
4,5333;2,0269
18,7018;1,83941
19,3753;1,83941
31,4693;1,50194
30,3711;1,50194
7,48751;2,77707
6,38004;2,77707
7,41309;2,80365
7,73596;2,80365
11,0331;1,28283
12,0732;1,28283
6,37083;2,394
6,46415;2,394
7,05941;2,48443
7,30792;2,48443
14,4995;3,01448
14,9851;3,01448
14,2705;3,09775
12,93;3,09775
14,102;3,10646
12,9174;3,10646
14,3929;2,92342
13,1924;2,92342
18,3691;2,59163
17,735;2,59163
19,0494;2,31892
18,8934;2,31892
2,9347;1,21756
2,14183;1,21756
8,19444;2,61913
8,35757;2,61913
1,2505;1,27226
1,34886;1,27226
0,467974;1,20333
0,571219;1,20333
7,34002;0,771771
7,84084;0,771771
12,3226;2,55665
12,4607;2,55665
12,1822;2,5433
12,3313;2,5433
12,1825;0,688134
10,605;0,688134
12,2291;0,690688
10,6864;0,690688
3,29803;1,5131
2,79909;1,5131
28,3741;2,06014
28,2642;2,06014
28,6157;1,75368
27,6046;1,75368
28,0756;1,51297
28,0873;1,51297
19,742;1,51955
18,7982;1,51955
18,3776;2,58702
17,7011;2,58702
18,3302;2,57085
17,6819;2,57085
10,0711;3,03854
8,99592;3,03854
10,0669;3,04015
9,00121;3,04015
12,4718;2,89009
12,696;2,89009
12,3164;3,12023
12,8024;3,12023
23,4497;1,0884
23,9398;1,0884
24,6225;1,24317
25,0072;1,24317
11,5802;1,11276
10,9102;1,11276
8,47106;2,76789
7,35389;2,76789
5,40179;2,12937
4,78123;2,12937
5,6411;2,20664
5,00512;2,20664
6,16171;2,20451
5,93944;2,20451
9,13855;2,96768
9,55672;2,96768
8,87537;2,94244
9,24935;2,94244
7,55668;0,766172
8,05814;0,766172
9,5182;2,74566
9,9455;2,74566
7,66104;2,92402
7,84179;2,92402
10,7493;2,96861
11,2501;2,96861
10,395;2,94464
10,9009;2,94464
5,86598;2,27434
5,21958;2,27434
6,02442;2,34268
5,88184;2,34268
6,02912;2,34268
5,34082;2,34268
18,9458;2,85087
19,5091;2,85087
6,30178;2,23983
6,1212;2,23983
4,69217;1,83675
4,65935;1,83675
5,36387;2,04469
5,26939;2,04469
4,71784;1,84578
4,68354;1,84578
18,9673;1,93158
18,4036;1,93158
13,2273;1,11294
11,9275;1,11294
3,75536;1,37828
3,2423;1,37828
0,512627;1,17952
0,646892;1,17952
1,82709;1,31908
1,96008;1,31908
25,5471;2,1883
25,5013;2,1883
6,13091;2,55098
5,99578;2,55098
7,18425;2,62047
6,3448;2,62047
18,007;2,75449
18,5792;2,75449
8,28543;2,87732
8,49346;2,87732
0,295264;1,50558
0,39994;1,50558
0,282113;1,50376
0,389599;1,50376
25,1472;1,27718
25,6823;1,27718
6,61016;2,32995
6,36815;2,32995
6,86434;2,39735
6,64136;2,39735
13,7653;2,94696
12,9257;2,94696
3,08714;1,03382
3,49985;1,03382
6,51828;2,48562
6,39324;2,48562
6,74348;2,3729
6,54545;2,3729
6,53752;2,31207
6,29993;2,31207
8,45669;2,64153
8,74273;2,64153
4,68737;1,8443
4,17325;1,8443
19,216;2,88819
18,9365;2,88819
15,9475;1,64758
16,5256;1,64758
6,68945;2,52546
5,88353;2,52546
9,1219;2,96709
8,08495;2,96709
28,4984;1,66554
27,205;1,66554
19,4035;1,42985
18,4125;1,42985
6,41212;2,28225
6,20589;2,28225
6,43976;2,29055
6,22859;2,29055
13,4839;2,89989
12,6391;2,89989
13,4609;2,90043
13,5438;2,90043
11,9328;1,34348
12,157;1,34348
6,44086;2,46116
5,70772;2,46116
25,0897;1,88242
24,8257;1,88242
6,17232;2,20522
5,9866;2,20522
6,1967;2,21497
6,00671;2,21497
22,0525;1,21273
21,055;1,21273
24,1611;1,53951
23,5868;1,53951
11,4671;3,15399
10,48;3,15399
11,45;3,15331
11,9113;3,15331
19,0586;2,4695
18,2381;2,4695
18,3635;2,15059
18,192;2,15059
35,715;1,35031
35,79;1,35031
12,8454;0,88669
11,8816;0,88669
11,8735;0,8946
11,9145;0,8946
4,01771;1,54662
3,42156;1,54662
4,16006;1,57321
4,09568;1,57321
4,61688;1,85583
4,09096;1,85583
4,68973;1,87064
4,1543;1,87064
2,34382;1,01549
2,81247;1,01549
1,94461;1,18035
2,39748;1,18035
17,0057;1,47485
16,1823;1,47485
3,91435;1,38804
3,20822;1,38804
18,3704;2,4314
18,3205;2,4314
11,3313;3,01921
10,2559;3,01921
13,7892;3,17441
14,1244;3,17441
8,00403;2,8641
8,27137;2,8641
6,35524;2,26572
6,14528;2,26572
6,4415;2,46641
6,32179;2,46641
6,796;2,36173
6,53105;2,36173
6,86274;2,818
6,84957;2,818
7,37884;2,49967
7,36898;2,49967
4,01989;1,62835
3,49854;1,62835
2,94008;1,53531
3,00955;1,53531
6,70518;2,18292
6,43339;2,18292
3,02969;1,5552
3,08116;1,5552
3,07959;1,56072
3,15315;1,56072
1,02612;1,59373
0,513323;1,59373
0,131466;1,46554
0,0201518;1,46554
2,45181;1,12674
2,23781;1,12674
7,24674;2,7693
7,31871;2,7693
8,08081;2,74217
8,31463;2,74217
7,0464;2,59171
6,971;2,59171
19,2931;1,30056
17,9786;1,30056
4,88395;1,88989
4,83314;1,88989
4,90172;1,90115
4,84966;1,90115
8,19077;0,668518
8,54026;0,668518
7,04498;2,74167
7,09283;2,74167
5,9844;2,32751
5,845;2,32751
19,6695;1,32618
20,1175;1,32618
12,7111;2,92503
12,9388;2,92503
0,734333;1,22828
0,832822;1,22828
2,21719;1,37572
2,32285;1,37572
6,08895;0,706098
4,76825;0,706098
11,0084;2,99519
9,91769;2,99519
4,48401;1,53773
4,37496;1,53773
1,4495;1,27257
1,32609;1,27257
19,4806;1,38084
18,2762;1,38084
27,6538;1,40917
27,6478;1,40917
18,4065;2,60564
17,7557;2,60564
13,43;3,04195
13,6395;3,04195
6,26498;2,37422
6,03058;2,37422
6,21723;2,36488
5,98706;2,36488
6,26591;2,38113
6,03797;2,38113
7,50713;2,804
7,64466;2,804
7,67824;2,92469
7,8585;2,92469
4,96162;1,92824
4,90528;1,92824
5,15585;2,00925
4,5873;2,00925
5,67629;2,17682
5,07195;2,17682
18,265;1,31179
18,52;1,31179
5,63186;2,16546
5,02551;2,16546
11,6307;1,31982
10,8372;1,31982
10,7849;1,18927
11,0362;1,18927
5,86445;2,10803
5,69487;2,10803
0,0352894;1,54256
0,0612195;1,54256
0,435514;1,1727
0,569519;1,1727
3,40084;1,53672
3,43605;1,53672
7,80936;2,82307
6,79216;2,82307
22,3297;1,24772
21,3471;1,24772
20,9715;1,10588
19,8148;1,10588
6,59422;2,3302
6,36424;2,3302
18,7203;2,79771
19,4509;2,79771
7,52588;2,80386
7,64953;2,80386
5,33851;2,04641
5,24426;2,04641
4,82621;1,87764
4,77378;1,87764
12,0996;1,04042
11,1961;1,04042
8,54745;2,9198
8,92526;2,9198
5,61467;2,18982
4,98896;2,18982
10,9987;2,99722
11,4924;2,99722
11,2957;3,02602
11,7847;3,02602
6,01637;2,33749
5,3317;2,33749
18,7494;2,77149
19,2047;2,77149
18,9407;2,8223
18,5793;2,8223
6,68139;2,50163
6,49456;2,50163
6,8221;2,55267
6,02931;2,55267
6,84262;2,81772
6,83275;2,81772
7,19933;2,76654
7,30144;2,76654
7,19008;2,61487
7,13671;2,61487
6,81514;2,70269
6,80215;2,70269
5,73446;2,21187
5,61304;2,21187
5,41813;2,07764
5,32087;2,07764
5,51741;2,14731
5,40347;2,14731
6,10363;2,17367
5,86329;2,17367
6,59906;2,15168
6,32986;2,15168
6,27194;2,38573
6,04691;2,38573
18,2515;1,30386
18,4963;1,30386
22,1786;1,2166
21,2128;1,2166
23,3561;1,08191
23,8207;1,08191
20,8786;1,30506
21,3692;1,30506
20,9653;1,30251
21,4777;1,30251
22,7578;1,30671
21,9601;1,30671
22,8784;1,3112
22,1157;1,3112
12,3659;2,88887
12,621;2,88887
12,8463;3,15207
11,942;3,15207
12,1907;2,54361
12,3456;2,54361
13,4514;2,90448
13,5337;2,90448
10,2368;2,67276
10,4888;2,67276
8,66602;2,80673
7,67518;2,80673
9,64314;3,12036
8,72536;3,12036
8,77308;3,15095
7,99232;3,15095
11,3708;2,9007
11,7444;2,9007
9,76283;3,02012
10,2195;3,02012
25,7743;2,25681
25,7398;2,25681
18,271;2,52189
18,4097;2,52189
18,4659;2,17942
18,2818;2,17942
18,3555;2,43373
18,3078;2,43373
3,27093;1,25772
2,49989;1,25772
16,8287;1,46233
15,6842;1,46233
19,8808;1,54358
18,856;1,54358
19,2111;1,33193
17,6381;1,33193
2,9126;1,10535
2,72458;1,10535
3,523;0,978788
3,32165;0,978788
5,78165;0,734886
6,13871;0,734886
2,41461;0,850648
2,64107;0,850648
0,0173974;0,911072
1,19693;0,911072
5,99913;0,713267
6,27883;0,713267
3,83344;0,659975
4,51205;0,659975
3,1304;1,08679
2,92936;1,08679
4,6238;1,8573
4,08818;1,8573
11,2456;1,11065
11,481;1,11065
2,64046;1,46206
2,7406;1,46206
12,2751;0,693516
10,7672;0,693516
3,52137;1,39984
3,46392;1,39984
4,35176;1,52662
4,25185;1,52662
5,1701;1,94048
4,99413;1,94048
3,89406;0,99544
3,65993;0,99544
5,51478;0,906982
5,27986;0,906982
2,78644;1,04305
2,60106;1,04305
2,78661;1,05276
3,1784;1,05276
4,42099;0,920048
4,17134;0,920048
1,66744;1,83824
1,15433;1,83824
19,5319;1,4992
18,4028;1,4992
17,2925;1,08858
13,2142;1,08858
31,8762;1,76303
31,1287;1,76303
20,5241;1,57421
18,9124;1,57421
20,0463;1,66413
18,787;1,66413
11,6526;1,09932
9,78046;1,09932
18,0537;2,4256
18,1121;2,4256
19,234;2,30367
18,9829;2,30367
14,1266;2,91799
13,4544;2,91799
18,9126;2,39498
18,9787;2,39498
25,4309;2,13561
25,3352;2,13561
25,7794;2,25923
25,7427;2,25923
12,869;3,15225
11,958;3,15225
9,3633;3,32873
10,2242;3,32873
13,7874;3,03873
12,958;3,03873
20,3725;1,7482
19,7294;1,7482
23,2735;1,82349
22,9997;1,82349
26,6736;1,92173
26,5511;1,92173
5,92266;2,1097
5,7616;2,1097
26,9451;2,18919
27,0511;2,18919
32,7843;1,57892
32,3184;1,57892
20,1793;2,17978
19,5389;2,17978
22,0218;2,39065
21,2005;2,39065
17,1375;1,45253
16,2179;1,45253
18,2918;1,1103
14,2454;1,1103
1,46576;1,41361
1,46184;1,41361
0,0853129;1,35104
0,445629;1,35104
1,68453;1,19124
1,50379;1,19124
24,919;0,961848
23,3541;0,961848
