33,314;3,68015
33,1879;3,68015
10,5988;3,90806
11,1272;3,90806
18,489;0,669688
19,5933;0,669688
22,4569;1,37658
23,1136;1,37658
28,6684;3,29658
26,948;3,29658
28,3013;3,03577
28,8676;3,03577
5,70392;0,770248
4,27768;0,770248
5,92202;0,904822
4,51784;0,904822
10,7238;1,31611
11,355;1,31611
6,02224;1,31149
6,8204;1,31149
5,74933;1,89155
4,61551;1,89155
22,1866;3,80833
22,5892;3,80833
5,94161;1,91694
4,96207;1,91694
6,49312;1,90434
5,39834;1,90434
5,84684;0,807456
4,40357;0,807456
6,36534;0,9976
4,9553;0,9976
23,7071;3,19561
22,9861;3,19561
17,1679;2,22326
15,7481;2,22326
15,5884;3,29349
13,8261;3,29349
5,941;1,30925
4,903;1,30925
5,16377;1,31164
5,56562;1,31164
6,07175;1,31552
4,92886;1,31552
17,6554;1,28862
14,7016;1,28862
13,4695;2,27684
12,2431;2,27684
12,6717;2,27744
11,8268;2,27744
5,07577;1,83728
4,5172;1,83728
40,8;2,08788
36,629;2,08788
10,0935;0,841629
10,7654;0,841629
44,7514;0,530818
44,6467;0,530818
19,8079;3,49009
18,1568;3,49009
29,0005;2,9267
27,8056;2,9267
5,55824;1,27441
5,95567;1,27441
27,2841;3,37203
26,4102;3,37203
27,6846;3,36336
26,8389;3,36336
16,3479;0,676664
16,5098;0,676664
6,60598;1,73009
6,6741;1,73009
23,1669;3,06017
23,0826;3,06017
23,4069;3,16508
22,3341;3,16508
22,703;3,17299
22,852;3,17299
33,4019;2,94331
32,4797;2,94331
16,9233;3,94005
16,261;3,94005
5,66022;1,72714
4,53201;1,72714
32,3741;2,26581
29,592;2,26581
17,4234;2,66139
16,6408;2,66139
4,5069;1,30985
3,99304;1,30985
4,34601;1,3097
4,91318;1,3097
6,3486;0,940452
4,82407;0,940452
21,0313;2,70429
21,6788;2,70429
23,2242;4,25358
20,9274;4,25358
28,3994;2,93752
29,3792;2,93752
6,28276;1,41996
7,27977;1,41996
5,87825;1,2294
6,14935;1,2294
30,2521;3,06778
28,1508;3,06778
17,2591;2,17169
15,8778;2,17169
6,44409;1,18943
4,86752;1,18943
6,277;1,39353
5,20128;1,39353
11,5084;2,89841
9,48821;2,89841
28,6196;3,18555
28,892;3,18555
9,40491;1,39872
9,58859;1,39872
9,86854;1,47777
9,97287;1,47777
33,0667;2,4167
33,4189;2,4167
16,4612;3,94863
16,9783;3,94863
16,4604;3,95889
16,9961;3,95889
9,70835;1,92183
10,0404;1,92183
22,656;4,0453
25,2445;4,0453
3,60798;1,20545
4,08382;1,20545
3,97988;1,29362
5,06768;1,29362
3,95944;1,30131
4,41679;1,30131
6,64608;2,09153
7,05583;2,09153
6,63303;2,09041
7,04065;2,09041
22,3077;4,21315
22,4428;4,21315
22,3187;4,33368
22,5076;4,33368
5,37832;1,41375
6,44174;1,41375
5,26469;1,362
5,66753;1,362
30,9725;1,60645
32,3196;1,60645
16,8513;4,28615
16,7776;4,28615
12,4856;1,97833
12,6889;1,97833
13,217;2,03461
13,4107;2,03461
23,1399;3,12975
23,138;3,12975
3,85253;1,26918
4,31433;1,26918
3,60608;1,40388
4,68484;1,40388
5,63084;2,07566
6,05784;2,07566
5,65564;2,0798
6,08537;2,0798
16,2406;3,90435
16,0356;3,90435
5,01314;0,90374
6,02767;0,90374
4,54181;1,20382
5,62559;1,20382
10,7168;2,85794
11,7334;2,85794
22,5782;3,40559
22,77;3,40559
7,97346;2,69181
7,58576;2,69181
16,1278;3,93263
16,2142;3,93263
13,7116;1,15029
15,1893;1,15029
14,0132;2,72383
13,1573;2,72383
8,6359;3,40254
8,9968;3,40254
24,7568;3,61238
25,9354;3,61238
4,88674;1,23638
5,92561;1,23638
5,29409;1,15572
5,70004;1,15572
4,64957;1,2427
5,735;1,2427
17,3298;3,86407
16,787;3,86407
16,879;4,28272
16,7663;4,28272
8,8988;2,08563
9,2379;2,08563
14,0868;0,503966
15,4946;0,503966
29,83;2,69588
29,8008;2,69588
5,74456;2,09415
6,18395;2,09415
6,20582;1,67876
6,6121;1,67876
8,09604;2,16663
7,56944;2,16663
8,91762;2,26469
8,29242;2,26469
5,36443;1,84504
5,73477;1,84504
6,62631;1,93158
7,08221;1,93158
30,9512;2,26607
31,3809;2,26607
19,2505;0,977588
18,9189;0,977588
21,5887;2,65203
22,1584;2,65203
14,1039;2,87167
13,305;2,87167
21,2648;3,43228
22,2252;3,43228
18,0519;2,39955
18,437;2,39955
22,9697;3,46521
24,174;3,46521
29,3408;2,71491
29,2353;2,71491
29,6192;2,83725
29,5194;2,83725
29,5017;2,60173
29,4456;2,60173
16,8344;4,28633
16,7848;4,28633
30,2646;2,38195
30,1819;2,38195
22,6021;3,19341
22,7768;3,19341
22,4942;3,05249
22,6831;3,05249
23,7694;2,76293
24,5295;2,76293
9,11651;2,82992
10,1278;2,82992
4,73985;0,726046
5,73544;0,726046
27,678;3,3431
28,2278;3,3431
33,6685;2,60023
33,798;2,60023
27,2417;3,23537
28,559;3,23537
28,1978;3,12925
28,4737;3,12925
4,45521;1,02889
4,90053;1,02889
15,388;1,26192
17,0841;1,26192
4,91582;1,20512
5,32597;1,20512
5,13855;1,33384
6,18946;1,33384
15,1558;3,29699
14,019;3,29699
16,0797;3,45876
15,0926;3,45876
5,586;1,7251
6,01529;1,7251
32,7174;2,65387
33,285;2,65387
32,7541;2,658
33,3296;2,658
7,26069;2,04545
7,73784;2,04545
7,30452;2,05204
7,78689;2,05204
6,39299;2,04727
6,79755;2,04727
5,58169;1,4775
5,98087;1,4775
4,42607;1,05499
5,46658;1,05499
4,56452;1,02488
4,99501;1,02488
13,2653;0,628384
13,6584;0,628384
14,1223;0,868631
14,461;0,868631
25,4947;3,78703
26,3425;3,78703
4,89505;1,2166
5,30837;1,2166
8,81112;1,96782
9,20895;1,96782
21,8536;4,17622
22,7034;4,17622
23,5633;4,10599
24,8395;4,10599
14,9532;0,780344
15,1364;0,780344
27,7965;1,45077
28,6113;1,45077
34,2289;2,41727
34,2471;2,41727
22,4298;4,34384
22,6642;4,34384
5,20437;1,04099
5,60714;1,04099
23,2243;3,39477
24,1604;3,39477
23,2289;3,40674
24,1634;3,40674
5,86976;1,58523
6,27354;1,58523
28,2308;3,02789
29,8709;3,02789
28,2382;3,13681
29,9035;3,13681
13,9441;2,05776
14,1068;2,05776
14,0561;2,06317
14,2324;2,06317
33,121;2,412
33,4534;2,412
32,7308;2,5416
33,2601;2,5416
32,7567;2,65955
33,3199;2,65955
4,6939;1,11188
5,11467;1,11188
4,39966;1,01606
4,85035;1,01606
5,23577;1,34246
5,63622;1,34246
5,04101;1,28192
5,44858;1,28192
4,81356;1,19223
5,23079;1,19223
4,88052;1,21273
5,29408;1,21273
16,1594;0,773543
17,6712;0,773543
16,4358;3,89446
16,8681;3,89446
30,9404;2,01926
32,531;2,01926
30,9164;2,0269
32,5319;2,0269
28,3046;3,29978
28,8648;3,29978
6,98581;1,62606
7,96844;1,62606
3,86802;1,2915
4,33017;1,2915
10,4701;1,69339
10,8274;1,69339
11,9107;2,27021
12,3702;2,27021
5,00928;1,59471
5,43888;1,59471
15,6646;2,14649
15,8427;2,14649
14,0088;2,06488
14,1947;2,06488
15,3972;3,60038
16,048;3,60038
16,7353;4,1098
17,2708;4,1098
16,7287;4,11495
16,4764;4,11495
28,3452;2,87188
29,4303;2,87188
27,9688;1,02202
29,4233;1,02202
9,73778;1,6181
10,0993;1,6181
9,81402;1,62438
10,1765;1,62438
10,2129;1,67596
10,5848;1,67596
6,27986;1,45253
7,2951;1,45253
6,8985;1,60108
7,88299;1,60108
10,0974;1,51685
11,1593;1,51685
5,88168;1,60303
6,2859;1,60303
5,39128;1,66636
5,81853;1,66636
15,9937;1,27626
17,8931;1,27626
18,3747;1,34915
20,2982;1,34915
6,39066;1,72351
6,79389;1,72351
5,70724;1,74484
6,13945;1,74484
25,6987;3,81834
26,5655;3,81834
4,77699;0,790558
5,18976;0,790558
5,13986;0,982579
5,54231;0,982579
5,25347;1,39732
6,328;1,39732
5,48999;1,45495
5,89057;1,45495
5,25436;1,40054
6,33101;1,40054
16,3173;3,52181
15,5067;3,52181
15,2426;3,53978
15,6128;3,53978
28,2621;2,93125
29,826;2,93125
28,2507;2,9279
29,8324;2,9279
5,1928;1,30551
5,59227;1,30551
4,79384;1,90002
5,95971;1,90002
5,66559;1,91336
6,04124;1,91336
5,03534;0,929149
6,05478;0,929149
4,58528;1,85499
5,73266;1,85499
4,53879;1,05016
4,9757;1,05016
22,6852;3,96951
22,516;3,96951
21,3867;3,06829
21,1533;3,06829
29,1341;2,75186
29,0701;2,75186
29,0145;2,8077
29,0207;2,8077
14,1437;2,2861
14,4726;2,2861
22,5811;3,01941
22,2891;3,01941
22,1171;2,75818
22,9977;2,75818
22,6467;4,57945
23,128;4,57945
8,80749;1,80168
9,15371;1,80168
26,2897;1,85192
26,5173;1,85192
21,2301;2,77163
21,9083;2,77163
20,3945;2,37817
19,631;2,37817
21,3219;2,69704
22;2,69704
31,0783;1,30836
32,3397;1,30836
26,2242;1,68389
26,3484;1,68389
16,1702;2,59231
16,8468;2,59231
12,9342;0,489789
14,2461;0,489789
43,6655;0,937535
43,3223;0,937535
4,40968;1,12187
4,8682;1,12187
32,8144;2,54345
33,2672;2,54345
24,9551;3,98054
25,9635;3,98054
16,5547;4,12967
16,5849;4,12967
8,84967;3,07109
8,72848;3,07109
4,23593;0,726046
5,28775;0,726046
25,7566;1,5357
25,6742;1,5357
20,4489;2,36571
20,9764;2,36571
21,9222;4,17626
23,3309;4,17626
16,8991;0,872228
18,4886;0,872228
15,3149;3,55727
15,7102;3,55727
22,183;2,89367
21,8783;2,89367
9,94014;2,37009
9,2068;2,37009
22,9833;2,99813
23,9454;2,99813
28,5081;2,84991
29,5718;2,84991
22,6629;3,46164
22,855;3,46164
22,0598;4,28574
23,0292;4,28574
4,04679;0,888234
5,10662;0,888234
3,72656;0,750692
4,75725;0,750692
13,522;3,26219
13,6974;3,26219
23,1446;3,59499
23,6624;3,59499
21,3114;3,50889
22,3157;3,50889
11,0695;2,75051
10,4834;2,75051
5,46056;1,25632
5,86403;1,25632
5,77263;1,51336
6,16477;1,51336
10,5122;1,69593
10,8698;1,69593
11,154;1,88813
11,3894;1,88813
13,6364;1,14535
15,1033;1,14535
35,9341;2,37973
36,0956;2,37973
27,5864;3,28038
28,0239;3,28038
4,4297;1,06257
4,88121;1,06257
14,1223;0,515862
14,3227;0,515862
3,97199;1,53276
4,34907;1,53276
4,6332;1,08858
5,06108;1,08858
4,43784;0,992684
4,88007;0,992684
23,0863;3,07243
23,0144;3,07243
23,2181;3,20845
23,1865;3,20845
33,2327;2,68657
33,5729;2,68657
23,7624;4,04491
24,2907;4,04491
4,98134;1,07611
5,40912;1,07611
28,246;3,13013
29,9316;3,13013
22,4188;2,80819
22,2665;2,80819
5,65729;1,73911
6,08807;1,73911
33,1541;2,18247
33,7242;2,18247
4,99795;1,30086
6,05417;1,30086
10,7034;1,59802
11,7412;1,59802
14,933;1,92925
14,944;1,92925
4,879;2,09256
5,32335;2,09256
5,24003;1,42615
5,6532;1,42615
3,68791;1,25383
4,15867;1,25383
17,1508;4,30521
17,5822;4,30521
6,52029;1,5247
7,53166;1,5247
6,49654;1,52303
7,51204;1,52303
10,8021;1,61046
11,8395;1,61046
4,96564;1,25554
5,37737;1,25554
4,59075;1,66765
4,95883;1,66765
28,4203;3,17274
29,0533;3,17274
26,1644;3,66094
27,0986;3,66094
5,30388;1,64758
5,73034;1,64758
5,85088;1,58696
6,25481;1,58696
9,68181;1,6118
10,0424;1,6118
8,45064;1,57022
8,74941;1,57022
7,52419;1,74988
7,90131;1,74988
20,4425;0,541764
22,1799;0,541764
19,0521;0,877819
19,0588;0,877819
5,32475;1,37088
5,72226;1,37088
13,301;0,64194
15,9008;0,64194
4,73643;1,1896
5,15925;1,1896
22,1443;3,54768
22,4979;3,54768
27,7038;3,35334
28,2084;3,35334
27,2372;3,4981
27,8873;3,4981
23,3453;3,1754
23,3513;3,1754
16,4281;3,88595
16,8483;3,88595
15,2564;3,78346
15,5769;3,78346
15,0539;3,74763
15,3773;3,74763
21,3803;2,75477
22,1155;2,75477
22,3694;2,87651
23,1702;2,87651
20,8993;2,49591
19,9524;2,49591
21,7149;2,72549
22,5049;2,72549
7,23154;3,45678
7,79191;3,45678
28,8524;1,28375
30,1336;1,28375
30,8964;2,03163
32,5281;2,03163
6,02968;1,7875
7,1943;1,7875
9,75185;1,47446
10,1084;1,47446
5,53564;1,18498
5,92835;1,18498
11,8872;1,105
12,261;1,105
8,23563;2,31824
8,73418;2,31824
17,3029;2,27675
17,5976;2,27675
21,7076;3,69608
22,9115;3,69608
26,798;3,47401
27,6759;3,47401
28,2951;2,98387
30,0493;2,98387
26,0413;3,60435
26,8932;3,60435
25,5752;3,69162
26,5814;3,69162
25,3943;3,72562
26,2958;3,72562
1,75652;0,641635
2,78214;0,641635
28,4022;1,64711
29,1674;1,64711
2,73398;0,896566
3,8652;0,896566
