25,0465;0,956339
25,2916;0,956339
16,9876;0,733821
19,9223;0,733821
5,57964;2,89847
6,42845;2,89847
6,67665;2,84035
5,36649;2,84035
27,3211;1,77134
23,3479;1,77134
4,37108;3,22822
5,22813;3,22822
29,5003;1,65965
27,7655;1,65965
29,2029;0,382573
30,5459;0,382573
9,54724;0,540317
10,6362;0,540317
25,9893;1,84515
23,4176;1,84515
27,2888;2,02255
27,4889;2,02255
5,72126;3,81465
5,82878;3,81465
25,5837;1,58881
23,174;1,58881
25,754;1,58893
23,3383;1,58893
14,5953;2,111
12,6925;2,111
14,5808;2,11165
12,6779;2,11165
14,6409;2,10998
12,701;2,10998
13,2928;1,93189
11,3329;1,93189
16,4613;2,16591
14,4373;2,16591
27,6271;1,69304
25,2221;1,69304
28,871;1,80168
26,666;1,80168
34,7889;1,46807
33,4381;1,46807
34,8421;1,46767
33,8026;1,46767
27,5259;1,97724
27,6372;1,97724
10,2482;2,65085
9,9281;2,65085
4,93473;2,64034
4,25967;2,64034
13,2685;1,7933
12,4517;1,7933
2,67086;1,74103
2,19827;1,74103
8,59357;1,9705
9,17423;1,9705
26,3443;0,900703
24,4762;0,900703
33,1781;1,07956
31,4462;1,07956
12,239;1,6883
12,6953;1,6883
15,147;1,76503
14,2478;1,76503
43,352;0,422899
44,787;0,422899
35,1976;1,58091
32,3765;1,58091
3,99667;3,43057
4,07309;3,43057
2,43845;3,50772
2,25602;3,50772
7,37203;3,95379
7,33101;3,95379
7,08138;2,86772
7,55117;2,86772
33,0586;1,63925
32,3497;1,63925
56,7496;0,35277
58,5639;0,35277
29,8595;2,01363
27,4068;2,01363
6,39857;2,8389
5,70903;2,8389
8,94256;2,97039
9,40655;2,97039
4,20583;1,54243
5,0052;1,54243
5,37787;2,61217
5,43672;2,61217
3,77699;1,28176
0,0487451;1,28176
28,5829;1,39381
27,1757;1,39381
34,0634;1,57843
32,9615;1,57843
16,6898;1,30821
16,0603;1,30821
27,4697;1,77189
23,4987;1,77189
23,1015;0,942531
16,2075;0,942531
22,9553;0,945847
16,0145;0,945847
39,7542;1,25679
35,392;1,25679
4,84414;2,66212
4,82749;2,66212
13,2813;1,24411
14,8079;1,24411
26,765;1,41305
23,6236;1,41305
26,953;1,4143
23,785;1,4143
19,1881;2,2046
19,0339;2,2046
15,2352;2,00184
14,6434;2,00184
15,2181;2,00223
14,6187;2,00223
19,0582;2,23948
18,7907;2,23948
6,0176;2,84641
6,11503;2,84641
10,7809;1,93077
10,1858;1,93077
10,7569;1,92955
10,1539;1,92955
11,8974;1,74159
10,9533;1,74159
14,7939;1,74001
10,979;1,74001
5,4057;2,66785
3,93763;2,66785
7,13287;2,77488
5,66672;2,77488
6,41853;2,70501
6,44721;2,70501
26,2131;2,24298
25,3099;2,24298
13,9278;1,71304
12,846;1,71304
15,1536;1,75435
14,1992;1,75435
5,23219;2,84689
5,31075;2,84689
27,9794;1,65043
26,1779;1,65043
30,0602;1,65233
26,414;1,65233
11,0901;2,02989
10,5499;2,02989
7,11553;3,63518
5,64218;3,63518
6,01281;3,52542
6,41245;3,52542
11,727;3,08616
11,3793;3,08616
34,7089;1,19305
33,3697;1,19305
5,62938;2,65837
4,14227;2,65837
59,167;0,3363
62,1715;0,3363
31,1548;1,40012
26,9536;1,40012
13,8718;1,72329
12,8397;1,72329
7,82983;3,01857
8,00429;3,01857
49,8965;0,37115
53,9252;0,37115
6,48416;2,69893
5,01115;2,69893
6,4246;2,70617
4,95852;2,70617
13,6873;1,71406
12,6218;1,71406
14,8895;1,75569
13,9482;1,75569
4,41637;3,08838
4,66322;3,08838
4,44708;3,08439
4,68962;3,08439
30,2452;1,6593
26,7166;1,6593
30,4286;1,65965
26,894;1,65965
29,8972;1,75792
28,3066;1,75792
6,89266;1,98308
6,42384;1,98308
8,37784;0,675506
2,07479;0,675506
8,48867;0,67782
2,17323;0,67782
30,1689;1,93896
29,4645;1,93896
2,28339;1,11838
2,69907;1,11838
2,01809;1,11943
2,44312;1,11943
29,081;2,03817
26,5352;2,03817
3,37852;1,87304
3,11472;1,87304
15,169;2,10914
12,176;2,10914
13,9507;1,7184
12,8921;1,7184
30,8182;1,94682
28,2849;1,94682
4,48114;3,22555
4,8027;3,22555
3,94412;3,18155
4,22712;3,18155
5,0193;2,85019
5,14715;2,85019
14,5967;1,31358
14,5969;1,31358
5,17286;1,54066
5,27648;1,54066
5,50054;3,54696
4,9767;3,54696
29,9398;1,5611
24,8734;1,5611
19,2512;2,21364
16,4992;2,21364
1,28344;1,04867
2,15409;1,04867
58,0476;0,491783
58,3175;0,491783
13,738;1,71144
12,6571;1,71144
13,7634;1,71144
12,6808;1,71144
18,451;2,01431
16,8025;2,01431
5,47286;3,55325
4,94485;3,55325
9,18028;0,523393
16,2473;0,523393
10,3187;0,850648
5,3596;0,850648
4,33556;0,750692
0,649207;0,750692
29,4547;0,800642
22,9575;0,800642
29,6314;0,801619
23,1272;0,801619
26,292;2,12385
24,1995;2,12385
5,01212;1,86446
4,749;1,86446
6,61561;2,98898
6,80678;2,98898
17,0411;1,72612
13,2508;1,72612
11,352;2,04354
10,7397;2,04354
24,5679;2,39809
23,0049;2,39809
34,569;1,61313
31,6698;1,61313
35,3552;1,63901
32,4262;1,63901
35,2427;0,652821
36,4605;0,652821
69,8803;0,315279
73,426;0,315279
36,835;1,24065
31,6183;1,24065
14,9025;0,935864
10,2078;0,935864
10,2043;0,838835
5,3416;0,838835
24,5631;0,867729
19,0471;0,867729
28,975;0,976386
23,75;0,976386
17,4061;2,1796
17,1258;2,1796
32,8263;1,39606
29,4697;1,39606
30,981;1,29119
27,355;1,29119
9,00612;1,93249
8,40732;1,93249
5,50215;2,64064
4,0179;2,64064
4,48535;1,84303
4,08717;1,84303
4,53444;1,8409
1,99641;1,8409
25,0174;2,3456
23,0389;2,3456
15,0776;2,11322
12,0286;2,11322
2,2973;1,32943
1,5597;1,32943
5,71647;3,66084
5,28227;3,66084
20,6794;2,30885
21,1698;2,30885
21,8814;2,41929
20,2085;2,41929
27,7808;2,02159
26,6431;2,02159
26,0385;2,08488
24,4466;2,08488
5,8334;2,9147
5,96681;2,9147
5,84193;2,91309
5,97103;2,91309
5,64224;2,59239
5,64149;2,59239
5,61647;2,5936
5,61022;2,5936
14,6927;1,84398
13,7099;1,84398
13,1561;1,78794
12,3284;1,78794
6,8692;1,47419
5,82449;1,47419
5,71918;1,28314
4,77953;1,28314
6,3781;1,28268
5,42089;1,28268
10,0435;2,03865
7,16333;2,03865
54,0998;0,306467
58,5321;0,306467
75,1561;0,318981
78,243;0,318981
2,56878;1,04268
3,34906;1,04268
17,3761;0,97096
18,7367;0,97096
19,8617;0,859573
12,6675;0,859573
13,3086;0,760533
7,58866;0,760533
5,51104;2,86375
5,58631;2,86375
29,0747;1,75022
26,132;1,75022
0,128025;1,68899
1,96764;1,68899
2,58992;1,59998
4,46067;1,59998
6,66931;2,76994
6,59625;2,76994
16,9229;1,73235
13,1355;1,73235
16,8567;1,7319
13,0531;1,7319
6,0222;2,77552
4,66017;2,77552
6,27347;2,90717
4,98;2,90717
27,3615;1,6483
25,5703;1,6483
27,7936;1,65031
25,9937;1,65031
13,3381;2,13093
12,7952;2,13093
12,0317;2,15831
9,31084;2,15831
13,2768;1,93452
10,3527;1,93452
22,7061;1,40903
19,8485;1,40903
40,2377;1,36444
36,1571;1,36444
28,5251;1,96483
26,4006;1,96483
26,4026;2,00203
24,767;2,00203
26,6297;2,00545
24,9986;2,00545
14,8709;1,74854
13,8979;1,74854
13,0989;2,21523
12,546;2,21523
8,26382;0,672312
1,9735;0,672312
6,86148;1,97991
6,38392;1,97991
33,8879;1,47193
30,8664;1,47193
0,437684;1,10995
1,11856;1,10995
5,5994;3,10652
4,57701;3,10652
27,8718;2,09751
26,9068;2,09751
18,5134;1,74966
14,824;1,74966
15,5548;1,64032
11,8681;1,64032
14,8338;0,931042
10,1899;0,931042
25,7297;1,66554
21,6004;1,66554
5,31174;3,27369
5,59002;3,27369
6,94575;2,9771
7,14007;2,9771
7,07805;2,96154
7,25834;2,96154
29,9981;1,93128
27,6815;1,93128
10,2722;0,847191
5,33732;0,847191
40,427;1,10606
35,7186;1,10606
20,1872;1,02774
13,8492;1,02774
21,6855;0,942115
16,3652;0,942115
27,285;0,897657
20,3517;0,897657
31,4355;1,44076
28,1953;1,44076
30,0628;0,728199
32,8295;0,728199
18,4846;0,964489
19,8052;0,964489
36,8983;0,466881
39,6616;0,466881
24,4024;0,57743
28,0589;0,57743
3,45845;1,0438
4,24723;1,0438
66,354;0,363156
67,9595;0,363156
50,559;0,328053
55,0962;0,328053
7,46757;2,38704
7,25202;2,38704
6,03596;2,89955
4,74873;2,89955
5,41208;3,298
4,53943;3,298
11,7094;2,15749
11,2363;2,15749
11,8206;2,24402
11,3857;2,24402
4,73894;3,44702
4,11308;3,44702
6,46644;2,9036
6,60533;2,9036
8,03316;2,96022
6,60953;2,96022
5,91865;2,9585
6,09531;2,9585
11,1313;1,4646
7,21312;1,4646
12,1552;1,45508
8,18962;1,45508
6,97848;1,28176
5,99734;1,28176
3,02182;1,19108
2,20869;1,19108
4,74928;1,28329
3,82852;1,28329
13,2757;1,78136
12,4117;1,78136
8,68911;1,75647
7,88951;1,75647
2,60033;1,73111
0,193675;1,73111
10,627;2,03144
10,0422;2,03144
18,2649;1,76481
17,3447;1,76481
12,7712;1,893
11,9701;1,893
11,9643;1,63817
11,0159;1,63817
14,8135;1,74843
11,0313;1,74843
6,48269;2,66278
6,51159;2,66278
6,05148;1,95024
5,71445;1,95024
5,90893;2,73638
5,98794;2,73638
3,43479;2,32381
3,37243;2,32381
5,66384;2,71657
5,69191;2,71657
6,73055;2,93325
5,52789;2,93325
6,37938;2,98262
5,23988;2,98262
5,57866;2,62279
5,54926;2,62279
5,19619;2,50249
3,52911;2,50249
6,9916;1,43463
8,97649;1,43463
4,9876;1,83387
4,71456;1,83387
5,13853;1,83334
4,84945;1,83334
6,20039;1,86477
3,93564;1,86477
2,07207;1,38762
1,66826;1,38762
5,25178;1,46313
4,69736;1,46313
10,6777;1,7302
7,4799;1,7302
28,6927;2,00447
26,7935;2,00447
22,6198;2,6732
20,9904;2,6732
20,5894;2,65114
20,1486;2,65114
21,6492;2,57489
20,6882;2,57489
23,07;2,46037
22,187;2,46037
35,4072;1,46954
32,391;1,46954
38,733;1,46206
37,8968;1,46206
27,2686;2,00526
25,6669;2,00526
26,214;1,84249
22,3585;1,84249
34,0934;1,58165
31,2549;1,58165
24,4111;1,58301
22,0526;1,58301
29,9278;1,56248
27,934;1,56248
33,214;1,58585
30,3746;1,58585
6,21653;3,81064
6,15925;3,81064
4,98234;3,73502
4,66807;3,73502
6,03773;3,68366
5,66743;3,68366
12,5937;1,99743
11,9133;1,99743
19,3224;2,25793
19,1567;2,25793
23,112;2,27477
20,6956;2,27477
15,1811;2,1084
12,1958;2,1084
15,2522;2,00125
14,6681;2,00125
40,0179;1,37515
38,9034;1,37515
40,5829;1,46233
35,7419;1,46233
36,9444;1,30401
35,8086;1,30401
29,6799;1,99017
29,7618;1,99017
24,7981;2,29559
21,7479;2,29559
27,8896;2,23983
25,1424;2,23983
28,6038;2,03702
27,51;2,03702
26,3286;2,21532
25,4274;2,21532
3,73037;1,60254
4,02873;1,60254
5,77908;1,99174
5,72888;1,99174
6,08662;1,58128
5,36469;1,58128
7,96819;1,73427
7,34398;1,73427
0,142499;1,67608
2,03831;1,67608
6,21175;2,70183
4,61695;2,70183
5,7851;2,47512
5,70044;2,47512
4,96924;3,00947
5,1446;3,00947
8,28399;2,02603
7,75506;2,02603
7,26507;2,31088
7,03599;2,31088
10,629;1,92152
15,3768;1,92152
18,3023;1,59692
14,4122;1,59692
11,7973;2,14876
11,3051;2,14876
24,0385;0,469389
28,3378;0,469389
9,49008;0,778335
13,482;0,778335
43,9844;0,587175
44,8089;0,587175
33,3269;0,89219
27,3566;0,89219
35,3544;1,08083
30,708;1,08083
13,0498;1,77608
9,13421;1,77608
7,23456;2,16835
6,8091;2,16835
39,4842;1,23622
38,2263;1,23622
20,8932;2,3007
18,2444;2,3007
5,22955;3,51653
4,62942;3,51653
37,854;1,60413
33,9951;1,60413
