10,9493;1,6158
10,0777;1,6158
11,8715;1,61459
11,084;1,61459
12,3554;1,58066
11,4938;1,58066
1,46362;1,69847
0,286424;1,69847
1,66233;2,65535
1,68304;2,65535
11,8856;0,949975
12,4189;0,949975
20,1388;1,84801
18,9925;1,84801
20,1724;1,84727
19,0242;1,84727
6,07903;0,934608
5,99542;0,934608
12,0754;1,02603
13,7212;1,02603
10,9913;0,999951
10,1619;0,999951
13,4098;1,29286
10,6198;1,29286
9,89594;1,63829
11,4743;1,63829
9,6009;1,58942
11,958;1,58942
22,2434;1,62257
19,6666;1,62257
11,5693;1,45911
13,4299;1,45911
13,2996;1,26841
13,9571;1,26841
24,5878;1,01259
24,1378;1,01259
15,1807;4,03294
15,5335;4,03294
10,7268;1,88357
11,42;1,88357
22,5128;2,01616
22,9209;2,01616
17,985;1,8137
16,8798;1,8137
18,5618;1,72918
16,1035;1,72918
29,007;1,81035
28,7562;1,81035
15,5586;1,80851
15,8315;1,80851
32,5161;2,38203
32,6227;2,38203
21,8441;2,46601
23,029;2,46601
14,2121;1,31893
15,3824;1,31893
21,538;4,11161
22,2642;4,11161
22,1648;4,13095
22,821;4,13095
20,0395;1,6371
17,3613;1,6371
19,5781;1,75736
18,405;1,75736
14,3931;2,13423
14,5736;2,13423
15,9392;2,26123
16,8653;2,26123
26,3822;2,52476
28,2842;2,52476
20,2378;2,52708
19,7107;2,52708
11,218;1,81768
10,2828;1,81768
14,3706;1,23115
13,1994;1,23115
2,66369;2,75499
1,36448;2,75499
20,4679;1,1335
18,2405;1,1335
21,4831;2,46005
20,7167;2,46005
16,7633;1,89021
15,831;1,89021
18,6747;1,51827
16,127;1,51827
13,9822;1,49972
12,7348;1,49972
14,0714;1,4432
12,8497;1,4432
22,3265;2,12348
21,1197;2,12348
2,32032;2,51116
3,32312;2,51116
12,2102;1,65505
11,1121;1,65505
8,35544;1,04941
10,0525;1,04941
2,74967;2,38639
2,85469;2,38639
4,69525;1,17886
3,73041;1,17886
17,6066;1,37615
14,4898;1,37615
23,1972;2,38671
20,7803;2,38671
22,5059;2,76336
18,9792;2,76336
9,948;1,72907
11,0667;1,72907
12,9278;1,17203
14,904;1,17203
12,8405;1,17536
14,6078;1,17536
6,64186;1,95064
8,06973;1,95064
12,8505;1,35422
14,8846;1,35422
17,8012;1,52264
16,6344;1,52264
13,7152;1,34843
13,0941;1,34843
16,9914;1,8744
15,1568;1,8744
7,23097;2,04277
7,7337;2,04277
19,0286;1,01008
15,2314;1,01008
13,6966;1,27901
15,9077;1,27901
3,87153;2,19499
5,15789;2,19499
6,48451;2,0991
7,74002;2,0991
10,5911;1,60742
12,3525;1,60742
10,6039;1,6062
12,3679;1,6062
6,11042;2,40363
6,00149;2,40363
4,18314;2,64752
3,108;2,64752
17,9537;2,11997
17,1575;2,11997
0,554042;2,31385
0,822453;2,31385
27,9943;1,51388
24,4258;1,51388
12,9899;1,21466
14,9679;1,21466
13,1227;1,36501
14,8744;1,36501
23,961;2,4314
19,649;2,4314
22,7122;1,56898
19,4986;1,56898
12,7151;1,28161
14,6778;1,28161
4,76507;2,2124
5,93067;2,2124
1,74262;2,4184
2,83877;2,4184
10,8858;1,56735
12,6654;1,56735
12,108;1,46967
13,7703;1,46967
20,5384;1,85108
17,9718;1,85108
20,7276;1,99635
18,204;1,99635
12,5535;1,25819
14,4343;1,25819
13,0262;1,30296
14,7947;1,30296
12,8679;1,31893
14,609;1,31893
11,919;1,54624
13,4406;1,54624
13,3741;1,24678
15,1889;1,24678
20,713;1,63996
16,5287;1,63996
21,366;1,72351
17,4044;1,72351
12,8074;1,15572
14,5488;1,15572
11,9885;0,984569
13,8096;0,984569
14,7715;2,05443
13,2054;2,05443
21,9537;2,39898
20,1785;2,39898
22,0826;2,46204
19,9543;2,46204
21,9309;2,3643
20,1266;2,3643
22,0453;4,04588
19,5661;4,04588
20,7263;1,84917
18,1219;1,84917
24,0331;2,36753
20,5582;2,36753
11,3504;1,54712
13,3479;1,54712
12,422;1,41111
14,5187;1,41111
12,0746;1,46313
14,1394;1,46313
8,66533;0,683283
10,8882;0,683283
8,7747;0,62495
11,0168;0,62495
18,607;1,81197
16,3961;1,81197
10,3607;1,81229
8,76832;1,81229
23,5154;2,15277
20,0905;2,15277
22,8527;2,1172
20,1027;2,1172
6,17059;1,68133
7,15213;1,68133
11,2238;1,30536
12,9279;1,30536
11,2373;1,29498
12,9354;1,29498
11,3702;1,23859
13,0709;1,23859
10,7576;1,63135
12,0736;1,63135
11,0776;1,58733
12,4569;1,58733
11,7949;0,972571
13,5642;0,972571
22,8785;2,37883
19,292;2,37883
13,2404;1,11908
12,4442;1,11908
13,0323;1,16332
14,8241;1,16332
0,486237;1,97932
0,0139859;1,97932
13,1886;1,08822
11,1249;1,08822
20,3591;1,12518
17,8479;1,12518
17,8801;1,4775
14,9422;1,4775
17,8699;1,47711
13,3282;1,47711
14,5477;1,20073
13,1271;1,20073
22,4363;1,91356
18,7083;1,91356
0,206409;1,96124
0,270624;1,96124
1,89503;2,0269
1,48681;2,0269
23,5282;4,03401
21,1099;4,03401
22,9181;1,89217
20,318;1,89217
13,0448;1,2427
14,8424;1,2427
14,7532;2,20939
13,9215;2,20939
23,1014;1,981
21,4031;1,981
5,05857;1,50558
5,5423;1,50558
9,99991;2,30783
8,10533;2,30783
7,75195;2,27452
7,80174;2,27452
21,5952;1,72397
17,6405;1,72397
21,2379;1,75535
17,2314;1,75535
5,50652;1,74742
6,42512;1,74742
11,794;2,11369
11,2394;2,11369
17,816;2,3001
16,5401;2,3001
20,208;2,35933
18,546;2,35933
22,2768;2,5877
20,5424;2,5877
11,5041;1,49894
13,3738;1,49894
13,0492;1,09522
14,9726;1,09522
12,6061;1,22557
14,4927;1,22557
12,7037;1,22892
14,457;1,22892
12,6595;1,22653
14,4026;1,22653
11,4574;1,22621
13,1726;1,22621
4,15281;2,39212
4,74296;2,39212
1,51506;2,24455
1,98573;2,24455
27,9204;1,91162
24,3562;1,91162
22,3088;1,6567
19,0853;1,6567
22,3945;1,65552
19,142;1,65552
22,1992;1,41831
19,4729;1,41831
22,3299;1,42217
18,7991;1,42217
22,3448;3,13588
19,1015;3,13588
22,4531;2,75456
18,8773;2,75456
5,02727;0,468137
7,47155;0,468137
19,7997;1,58288
15,6661;1,58288
22,9813;2,29678
20,5502;2,29678
22,8362;2,29508
20,7808;2,29508
23,3459;2,21964
19,9156;2,21964
11,7277;1,57247
13,6739;1,57247
22,1145;1,72556
18,4535;1,72556
23,4102;2,33607
20,9571;2,33607
12,8893;1,37658
14,936;1,37658
13,2776;1,27656
15,3623;1,27656
7,02354;2,05567
8,31767;2,05567
1,00388;2,46164
2,06889;2,46164
21,9168;2,45702
19,8679;2,45702
24,141;1,22908
20,8226;1,22908
21,8915;1,95124
18,1426;1,95124
12,8016;1,13453
14,5421;1,13453
12,9459;1,11417
14,7105;1,11417
21,8216;2,36273
20,0557;2,36273
21,2523;1,63411
17,2748;1,63411
21,1343;1,69893
17,1424;1,69893
0,765886;2,6459
0,249184;2,6459
23,0024;2,43228
20,6448;2,43228
11,4444;1,47485
13,1911;1,47485
12,488;1,28603
14,4659;1,28603
18,2881;1,72033
15,9938;1,72033
12,963;2,02033
13,9104;2,02033
13,2075;2,02313
12,0836;2,02313
13,1853;1,27088
14,9702;1,27088
12,3701;1,51788
13,949;1,51788
23,3548;2,11137
19,9084;2,11137
22,3734;1,47962
19,7061;1,47962
22,3592;1,42423
18,8592;1,42423
19,6186;1,11065
16,1716;1,11065
10,7745;1,60376
12,558;1,60376
11,598;1,47724
13,3785;1,47724
11,6148;1,47485
13,3981;1,47485
22,3925;1,87085
18,635;1,87085
12,9729;1,18548
14,9719;1,18548
4,19574;2,2652
5,35809;2,2652
12,1188;1,00308
13,7692;1,00308
20,3629;1,75725
17,7549;1,75725
3,70109;2,29064
4,78152;2,29064
22,6479;2,03047
19,0217;2,03047
3,13784;2,06469
1,00299;2,06469
5,54066;0,406382
8,07237;0,406382
24,7827;1,25461
22,0439;1,25461
24,849;1,25164
22,0997;1,25164
20,8694;3,88731
18,483;3,88731
20,8679;3,93632
18,4664;3,93632
18,167;1,28207
14,5984;1,28207
18,0156;1,46233
16,6972;1,46233
22,605;2,86382
19,1092;2,86382
21,0816;1,66871
16,9366;1,66871
20,5619;1,51852
16,3853;1,51852
23,6053;2,24472
20,2026;2,24472
24,5779;2,41403
21,3652;2,41403
22,2159;3,15263
19,0161;3,15263
12,1617;1,50506
14,1416;1,50506
10,3087;1,71075
12,1351;1,71075
11,7179;1,63255
13,5779;1,63255
12,3604;1,55104
14,2794;1,55104
13,1265;1,14688
14,9399;1,14688
12,7674;1,21483
14,7221;1,21483
13,2336;1,24096
15,0348;1,24096
22,8457;1,8612
20,5467;1,8612
22,771;1,8443
21,1564;1,8443
12,5093;1,00988
14,3611;1,00988
12,3095;1,13729
14,0491;1,13729
6,67166;2,11748
4,26281;2,11748
10,8049;2,31317
8,56841;2,31317
6,06872;1,87868
6,20168;1,87868
0,343514;2,10636
0,256113;2,10636
4,95457;1,97249
6,46679;1,97249
7,28718;1,86414
8,97153;1,86414
17,6898;2,00418
15,8935;2,00418
17,337;1,98327
15,7585;1,98327
18,6666;2,20824
17,1961;2,20824
20,6647;2,51217
19,0257;2,51217
13,765;1,27441
15,9822;1,27441
11,4795;1,3848
13,0005;1,3848
12,2088;1,16818
13,8492;1,16818
12,3368;1,10181
14,1959;1,10181
12,7618;1,14842
14,6514;1,14842
11,8534;1,01972
13,4507;1,01972
8,50705;0,727393
10,7019;0,727393
8,56888;1,87878
10,0261;1,87878
3,98548;2,11859
5,41821;2,11859
10,7318;1,59814
12,4014;1,59814
11,4548;1,48068
13,3091;1,48068
5,67745;2,28216
6,59832;2,28216
3,85589;2,0663
1,73071;2,0663
12,3063;0,948739
14,1723;0,948739
19,3122;1,83109
18,6237;1,83109
24,9501;1,44591
22,4319;1,44591
11,9452;1,51168
13,53;1,51168
12,511;1,45804
14,2094;1,45804
23,4448;1,86886
20,1846;1,86886
5,49958;0,39217
8,02052;0,39217
24,437;1,23907
21,8849;1,23907
21,3471;1,02297
17,0816;1,02297
21,7576;1,75022
18,9728;1,75022
20,3165;1,04755
17,4678;1,04755
23,2084;1,9702
19,7785;1,9702
20,4594;1,98031
18,763;1,98031
12,9219;1,14329
14,9281;1,14329
