17,3982;2,83649
18,3401;2,83649
15,3996;2,83545
16,1913;2,83545
25,6402;1,94592
26,0344;1,94592
18,4759;2,00584
18,8714;2,00584
0,974073;3,754
0,774768;3,754
5,95476;1,35133
5,15259;1,35133
18,201;1,38197
16,2062;1,38197
5,00891;1,37302
5,80864;1,37302
0,678665;1,59139
0,205792;1,59139
33,9953;2,00993
32,7305;2,00993
17,3111;3,8798
17,2316;3,8798
17,7581;3,37835
17,3762;3,37835
12,5694;3,40847
12,0368;3,40847
5,76991;3,56008
5,18536;3,56008
23,0369;0,670272
21,9823;0,670272
20,9753;1,67865
20,9364;1,67865
26,0329;1,39984
24,6541;1,39984
27,0157;1,50337
25,6006;1,50337
5,95797;2,91148
6,05922;2,91148
6,4049;2,96121
7,25072;2,96121
6,29738;3,56568
6,23685;3,56568
25,0122;1,86896
25,4692;1,86896
23,6283;2,07113
22,534;2,07113
24,6265;0,367441
26,5341;0,367441
33,3419;2,25542
33,8476;2,25542
14,5714;2,22114
12,7159;2,22114
30,6414;1,84175
31,0554;1,84175
30,2754;2,41735
28,7183;2,41735
17,9561;1,84079
18,5131;1,84079
41,6078;1,84026
42,2841;1,84026
11,3894;3,02239
12,051;3,02239
6,24043;3,01116
7,08049;3,01116
6,59993;2,90481
7,46078;2,90481
27,6787;1,27503
25,842;1,27503
25,1105;1,27626
26,9243;1,27626
26,9698;1,31284
28,7772;1,31284
21,2916;1,40067
20,9281;1,40067
22,238;1,57967
21,9509;1,57967
28,9251;1,29739
30,7154;1,29739
29,0543;1,29754
30,7101;1,29754
25,7589;1,99292
25,6495;1,99292
25,7635;2,00057
24,4642;2,00057
32,401;1,76059
32,3345;1,76059
26,4259;1,65197
24,651;1,65197
25,5643;1,65209
23,8525;1,65209
12,5063;1,83291
9,96721;1,83291
1,86746;3,17687
1,60332;3,17687
8,2513;3,39632
8,10027;3,39632
28,46;1,58647
26,6284;1,58647
11,0148;3,20253
10,9447;3,20253
22,2491;0,302612
21,6955;0,302612
10,3053;0,396142
10,3108;0,396142
21,4857;1,03173
19,9779;1,03173
0,0426041;1,11083
1,07366;1,11083
4,67982;1,25928
5,84933;1,25928
0,169447;0,35882
0,460079;0,35882
30,9669;1,91193
31,6367;1,91193
30,5403;1,67234
31,4528;1,67234
13,7718;2,09639
16,7159;2,09639
19,0705;2,75705
18,1019;2,75705
6,51504;2,84854
6,77794;2,84854
7,50166;1,40848
5,45475;1,40848
6,42932;1,39437
8,0447;1,39437
24,2039;2,092
24,2042;2,092
24,2013;1,64485
24,1762;1,64485
24,502;1,64473
24,0818;1,64473
30,5839;2,04009
31,2079;2,04009
12,8115;2,03913
13,4398;2,03913
11,1746;2,34293
11,6899;2,34293
25,3696;2,21063
23,4241;2,21063
17,1454;2,21178
15,2189;2,21178
32,4091;1,6776
30,3247;1,6776
4,71399;3,73224
4,77409;3,73224
5,20464;3,79318
5,30934;3,79318
2,61133;3,128
2,1968;3,128
6,20384;3,53241
5,63607;3,53241
5,8986;3,49166
7,01527;3,49166
19,6529;2,40216
19,4458;2,40216
21,0291;2,37669
19,4044;2,37669
24,332;1,90762
23,2401;1,90762
25,8328;1,99066
23,9684;1,99066
26,5551;2,08985
24,7687;2,08985
7,68239;3,09901
6,52882;3,09901
5,53146;2,64079
5,55894;2,64079
16,7097;1,83696
15,8255;1,83696
4,69183;2,68183
4,78228;2,68183
13,9318;1,70686
13,0574;1,70686
15,1151;1,74999
14,3423;1,74999
16,7235;1,83941
13,1425;1,83941
9,0073;1,98889
6,34654;1,98889
7,11906;3,02362
7,33471;3,02362
6,6245;2,98072
6,79133;2,98072
6,884;3,05121
7,10019;3,05121
5,81349;0,665585
8,44711;0,665585
2,87603;0,791794
5,63043;0,791794
24,3216;2,03461
23,2353;2,03461
6,82178;3,60723
7,87889;3,60723
13,289;2,13185
12,8757;2,13185
14,1948;2,21187
13,6058;2,21187
23,4769;1,68156
21,5678;1,68156
27,3881;1,05499
23,5687;1,05499
26,4623;1,91755
24,671;1,91755
7,13363;3,02517
5,98251;3,02517
24,7256;1,64473
23,2228;1,64473
25,5867;0,315899
29,3904;0,315899
26,2354;1,93654
25,4585;1,93654
26,3522;1,40333
23,4978;1,40333
0,815964;1,68725
0,968993;1,68725
0,653084;1,684
1,1347;1,684
12,761;2,1357
12,294;2,1357
4,61883;1,46514
5,29572;1,46514
6,36314;2,82916
6,45643;2,82916
7,63884;2,94849
7,74644;2,94849
5,80059;2,59616
4,22898;2,59616
6,64734;2,97618
5,39017;2,97618
26,7364;1,59961
24,8589;1,59961
27,3927;1,27165
23,9937;1,27165
6,81539;2,81327
6,86761;2,81327
15,1263;2,00672
14,4478;2,00672
12,6555;1,90094
12,0667;1,90094
10,5251;2,17448
7,96256;2,17448
7,557;1,32722
6,54746;1,32722
4,29313;1,22605
3,27124;1,22605
1,47389;1,60681
3,47721;1,60681
13,9547;2,16257
13,5589;2,16257
13,7904;2,16817
13,3989;2,16817
14,0487;2,16266
11,2528;2,16266
4,90778;3,62374
4,45783;3,62374
5,43432;3,71763
6,00234;3,71763
28,9368;1,38126
26,2846;1,38126
5,1139;1,4634
2,39479;1,4634
22,7086;1,83547
21,0172;1,83547
5,94981;1,45884
5,42794;1,45884
6,63518;3,17484
5,68572;3,17484
5,42162;3,74267
5,11509;3,74267
5,42766;3,76484
5,12034;3,76484
21,9761;0,390671
25,2942;0,390671
12,2212;3,57566
10,6763;3,57566
6,2745;3,37847
5,47637;3,37847
12,0263;1,58016
11,1471;1,58016
12,7364;2,1324
12,2544;2,1324
14,7357;1,86792
14,0153;1,86792
15,8182;1,91008
15,1473;1,91008
4,94877;2,68438
3,62261;2,68438
5,59118;2,75129
4,23669;2,75129
5,62288;3,07211
5,79715;3,07211
6,26385;3,10936
6,47403;3,10936
6,48044;2,89354
6,54914;2,89354
3,39893;1,86162
3,1129;1,86162
4,72372;1,46527
5,40332;1,46527
2,84309;1,78443
0,521417;1,78443
6,50062;1,94672
4,27026;1,94672
17,4627;2,27331
16,2407;2,27331
17,7656;2,27924
16,5698;2,27924
13,0788;2,22572
12,6737;2,22572
24,3788;1,64259
22,8675;1,64259
28,8246;1,59557
26,9532;1,59557
29,2358;1,57321
26,8257;1,57321
25,2385;2,19704
23,3646;2,19704
5,40708;1,4722
4,70925;1,4722
2,7288;1,39269
2,00771;1,39269
7,19568;2,76966
5,76563;2,76966
7,21578;2,1908
6,88823;2,1908
9,27957;2,19695
8,9363;2,19695
7,17018;2,33297
7,02217;2,33297
18,03;2,00633
14,4421;2,00633
13,7998;2,17097
13,423;2,17097
9,09664;1,32086
5,37948;1,32086
10,4065;3,33355
7,84404;3,33355
8,28878;3,10406
5,79714;3,10406
10,6393;0,541764
14,1101;0,541764
25,3667;0,944397
21,557;0,944397
23,9481;0,890214
19,7994;0,890214
29,7817;1,20918
26,7111;1,20918
28,6988;0,999755
24,8254;0,999755
31,8314;1,29573
28,8218;1,29573
23,0306;1,67491
21,125;1,67491
27,2954;0,303258
30,6745;0,303258
30,1859;1,67339
28,3028;1,67339
6,56156;3,78993
6,5501;3,78993
24,6589;1,51427
21,2233;1,51427
5,48218;3,67131
6,04912;3,67131
6,15304;3,26123
5,26637;3,26123
6,69122;2,77142
5,17535;2,77142
29,2843;1,57309
26,8772;1,57309
28,1083;1,39058
25,387;1,39058
29,4268;1,57172
27,0291;1,57172
17,0965;1,8443
16,2172;1,8443
20,4197;1,13332
16,7631;1,13332
16,6433;1,83131
13,0341;1,83131
9,22203;2,18776
8,85717;2,18776
9,6083;2,11387
7,19755;2,11387
26,1425;1,90978
24,3155;1,90978
18,6829;2,22308
16,1196;2,22308
15,3625;2,22563
12,5036;2,22563
13,6596;2,25906
13,294;2,25906
13,2377;2,0422
12,8477;2,0422
13,1975;2,04172
12,7903;2,04172
5,86495;3,79266
5,58012;3,79266
24,9968;1,96384
24,0122;1,96384
26,8152;1,17869
23,1808;1,17869
25,4484;1,9257
22,9266;1,9257
25,9492;1,93128
23,4563;1,93128
5,52919;3,06382
5,75374;3,06382
5,35845;2,79582
5,50996;2,79582
4,51193;2,72225
4,6121;2,72225
5,54857;2,76059
4,20285;2,76059
16,947;1,84928
16,1085;1,84928
16,9979;1,84589
16,1328;1,84589
18,5749;1,92285
17,8318;1,92285
5,73978;3,14323
7,26847;3,14323
16,2253;0,744936
9,03997;0,744936
6,1382;3,80277
5,91863;3,80277
23,1119;0,853175
18,4194;0,853175
19,73;1,11259
16,4493;1,11259
6,45105;2,99696
6,64868;2,99696
5,09761;1,33618
1,74168;1,33618
14,211;2,21355
13,6296;2,21355
10,4963;4,46344
13,0657;4,46344
15,2757;2,23318
14,8038;2,23318
26,3157;2,02023
24,3377;2,02023
12,7694;2,1368
12,3075;2,1368
7,72883;3,10463
7,93784;3,10463
27,1568;0,402998
30,3259;0,402998
9,15535;1,1542
10,8367;1,1542
13,8828;1,73303
13,14;1,73303
13,4132;2,13488
13,0284;2,13488
26,2468;1,39522
23,4193;1,39522
11,774;3,11898
11,428;3,11898
2,44091;0,797703
5,25233;0,797703
6,01858;3,40674
5,26957;3,40674
6,42137;2,8214
6,51324;2,8214
24,0934;1,99773
23,0576;1,99773
5,35692;2,94756
5,4983;2,94756
16,1682;0,770756
10,2032;0,770756
28,3283;1,00288
24,4247;1,00288
15,9728;0,914288
9,92263;0,914288
2,16161;0,618023
4,13219;0,618023
8,94;0,643766
3,25046;0,643766
29,8547;1,28069
26,9501;1,28069
26,3725;1,43299
24,2386;1,43299
23,3829;1,02812
18,1274;1,02812
13,2153;0,665879
15,2366;0,665879
14,06;0,680701
16,1284;0,680701
12,3428;0,744673
14,3307;0,744673
1,68983;1,62775
0,161616;1,62775
9,1325;1,13901
10,7282;1,13901
20,9164;0,495746
23,5426;0,495746
18,1057;0,331613
21,188;0,331613
18,551;0,316518
21,6505;0,316518
17,8846;0,369035
21,0964;0,369035
9,70986;2,14539
9,2697;2,14539
11,5201;2,15404
11,1512;2,15404
13,0595;2,11517
10,1381;2,11517
6,63023;3,07511
6,8795;3,07511
7,3694;3,04793
6,17799;3,04793
7,63862;1,32884
6,64763;1,32884
8,55642;1,32515
7,54312;1,32515
9,58426;1,38959
8,3481;1,38959
12,1202;1,70341
8,48655;1,70341
12,6398;1,89888
12,0427;1,89888
9,83148;1,78827
9,26642;1,78827
15,3455;1,74428
14,5346;1,74428
11,9304;1,73416
11,176;1,73416
15,159;1,73956
11,609;1,73956
14,6608;1,84653
13,8455;1,84653
18,5318;1,91039
15,1915;1,91039
6,09727;2,78122
4,75148;2,78122
5,83895;2,72455
4,35891;2,72455
8,45055;2,14037
6,02739;2,14037
3,21686;2,19267
2,92025;2,19267
9,06764;2,38762
8,86505;2,38762
9,00861;2,37907
8,78132;2,37907
9,16963;2,20788
8,82803;2,20788
3,45139;2,35069
1,7868;2,35069
7,13585;2,84496
7,23074;2,84496
4,72509;1,93795
4,4242;1,93795
5,16646;1,8633
2,97341;1,8633
2,5199;2,60722
1,38617;2,60722
3,69627;1,78674
3,53902;1,78674
8,55763;1,48911
5,01775;1,48911
8,08597;1,49174
4,5945;1,49174
6,51861;1,41458
3,2531;1,41458
5,10797;1,33969
1,79147;1,33969
6,32766;1,465
5,82353;1,465
9,21791;2,17006
8,88186;2,17006
22,9655;2,29695
21,9504;2,29695
23,9833;1,99174
22,395;1,99174
22,7044;2,23195
22,5982;2,23195
26,4056;1,98525
24,5549;1,98525
27,366;1,88492
25,0387;1,88492
25,6123;2,02449
23,7053;2,02449
19,224;2,51614
18,3117;2,51614
22,0754;2,33314
21,0602;2,33314
20,2647;2,54576
19,4162;2,54576
19,4557;2,49811
18,5249;2,49811
17,514;2,71469
16,8492;2,71469
22,5158;2,49936
21,4864;2,49936
23,2776;2,40493
22,0026;2,40493
29,5758;1,57147
27,1851;1,57147
22,2012;1,30925
18,1706;1,30925
32,0378;1,36143
30,3646;1,36143
33,424;1,33354
30,1599;1,33354
24,9282;1,86813
22,2711;1,86813
25,278;1,94118
23,8709;1,94118
29,5675;1,66742
27,2564;1,66742
29,1602;1,61544
26,8849;1,61544
22,6836;1,75535
20,8917;1,75535
26,1081;1,65256
23,5922;1,65256
27,3187;1,9202
25,7946;1,9202
7,00553;3,86766
7,01744;3,86766
6,80014;3,77216
6,86672;3,77216
6,61736;3,85285
6,54727;3,85285
6,30791;3,8093
6,22538;3,8093
21,5798;2,29388
19,3471;2,29388
23,3871;2,27193
21,2348;2,27193
20,3891;2,28122
17,9012;2,28122
18,1314;2,29559
17,9123;2,29559
12,4363;3,18186
12,1327;3,18186
6,91481;3,81603
7,1933;3,81603
13,7321;2,26486
13,4127;2,26486
4,83685;3,55176
5,32555;3,55176
5,7425;3,74936
5,52082;3,74936
6,83333;3,86452
5,63802;3,86452
5,42526;3,72273
5,11754;3,72273
18,6371;2,1941
15,9109;2,1941
12,6982;2,00594
9,79993;2,00594
16,9737;2,21284
14,1963;2,21284
15,5729;2,14128
15,0923;2,14128
18,6474;2,23931
16,0415;2,23931
17,1117;2,18946
14,4457;2,18946
15,5125;2,23782
15,164;2,23782
5,63035;3,748
5,44114;3,748
5,4873;3,66565
5,03295;3,66565
18,0945;2,25707
17,959;2,25707
28,5611;1,39451
26,1491;1,39451
26,6385;1,30836
23,6102;1,30836
24,3139;1,79024
22,8109;1,79024
33,0584;1,49933
29,7906;1,49933
31,0316;1,29845
28,0256;1,29845
23,7648;2,27761
21,9922;2,27761
22,923;2,14174
21,53;2,14174
8,63974;2,68766
6,92363;2,68766
8,50713;2,37232
6,45374;2,37232
6,09424;2,74281
6,14039;2,74281
11,2942;2,0399
10,8368;2,0399
10,3005;1,84047
9,80774;1,84047
6,73995;3,23834
8,19017;3,23834
9,82019;2,28293
9,47656;2,28293
1,26054;0,865698
2,51796;0,865698
3,19425;0,972772
5,87539;0,972772
9,18128;0,75873
11,4293;0,75873
24,6588;0,850188
19,2717;0,850188
8,95292;0,496534
13,2133;0,496534
31,4051;1,18564
28,2025;1,18564
1,12843;1,77134
0,986018;1,77134
25,7577;2,01616
23,731;2,01616
17,2854;2,63819
16,2034;2,63819
