8,40451;4,07155
6,69307;4,07155
28,8795;3,71805
26,8527;3,71805
46,1;2,96399
47,8986;2,96399
45,7521;2,91484
47,6677;2,91484
17,1953;3,38015
14,034;3,38015
0,727301;3,29152
2,67605;3,29152
49,5354;3,17971
51,3147;3,17971
30,09;3,589
29,5289;3,589
38,5235;3,717
41,4539;3,717
2,82727;3,30618
2,41779;3,30618
31,0903;3,59161
33,1429;3,59161
29,6356;3,36854
28,9397;3,36854
31,4381;2,74873
30,0424;2,74873
39,9691;3,0937
41,4778;3,0937
17,4717;2,48199
16,963;2,48199
12,9398;4,61376
12,5943;4,61376
19,4569;4,47483
18,4336;4,47483
5,92664;1,99488
6,27983;1,99488
5,52808;1,89548
6,16825;1,89548
4,08661;2,0664
3,35243;2,0664
2,74313;3,13837
2,99522;3,13837
27,5005;3,20118
30,7652;3,20118
29,0023;3,04671
29,7932;3,04671
31,0145;3,16372
30,1425;3,16372
3,07078;3,32101
2,77136;3,32101
5,4394;3,67908
4,32813;3,67908
2,59927;1,91234
3,17832;1,91234
1,10752;3,36889
2,88121;3,36889
3,66909;2,18238
4,03546;2,18238
48,2624;3,33114
47,835;3,33114
45,6024;2,86163
43,8312;2,86163
38,3753;4,43959
37,366;4,43959
32,0058;3,59309
31,2997;3,59309
32,2604;3,59358
31,4899;3,59358
35,2207;4,1236
38,5461;4,1236
36,7249;4,36242
35,4771;4,36242
32,6491;2,78024
31,495;2,78024
16,3974;4,52368
16,1946;4,52368
1,7391;2,1058
4,13206;2,1058
18,6841;3,2698
17,4343;3,2698
22,1957;3,27214
21,7501;3,27214
16,6916;2,97065
18,1705;2,97065
17,8089;2,97769
16,2463;2,97769
2,82724;3,35538
3,01117;3,35538
10,7135;2,3249
9,52867;2,3249
12,1458;2,45607
10,908;2,45607
9,13225;2,32541
12,7731;2,32541
2,9453;2,33213
3,84088;2,33213
1,77586;2,0509
4,17051;2,0509
5,58783;2,09779
6,27149;2,09779
4,86908;2,14302
5,42169;2,14302
4,0764;2,20443
4,47922;2,20443
5,70563;2,12504
4,63016;2,12504
18,3847;3,21613
17,685;3,21613
32,5774;3,7292
31,9331;3,7292
32,3836;3,36424
31,6274;3,36424
31,1435;3,59036
29,8672;3,59036
8,20057;2,16302
7,4245;2,16302
33,6164;3,91437
35,1506;3,91437
35,2442;4,05372
34,2881;4,05372
31,9526;3,44884
31,9318;3,44884
3,79899;2,25029
4,38792;2,25029
4,39105;2,30953
5,02571;2,30953
31,4685;3,67706
30,9759;3,67706
2,18216;3,72998
2,38229;3,72998
11,9991;4,66426
14,3259;4,66426
9,79355;2,3653
8,95893;2,3653
2,95562;2,45973
3,78354;2,45973
11,4068;2,64464
11,0339;2,64464
28,541;3,92251
28,2073;3,92251
43,9608;4,19008
43,8706;4,19008
43,1166;2,15622
40,0127;2,15622
2,97612;2,26667
2,46289;2,26667
5,00591;2,31697
5,11073;2,31697
15,6332;2,54029
14,6411;2,54029
4,96744;2,16103
5,71728;2,16103
5,03924;2,38581
4,01751;2,38581
23,8962;2,68438
23,1638;2,68438
28,238;3,07141
27,7429;3,07141
18,9864;3,0635
19,8094;3,0635
47,109;2,86013
48,0099;2,86013
4,76917;2,18409
6,63034;2,18409
48,1683;3,48874
49,6996;3,48874
13,2616;4,48458
13,4411;4,48458
13,0066;4,44867
13,3582;4,44867
32,4422;4,02287
30,3926;4,02287
5,6659;3,97528
9,80491;3,97528
37,5335;4,15171
36,5721;4,15171
6,78708;2,20744
5,6004;2,20744
26,7894;2,18847
25,5271;2,18847
15,3671;2,71757
14,304;2,71757
30,3033;3,91477
29,3209;3,91477
33,7635;3,91006
32,2752;3,91006
20,3701;3,37736
16,811;3,37736
23,346;2,73173
24,5468;2,73173
23,7763;2,71793
24,9999;2,71793
42,7393;3,29485
47,8249;3,29485
43,2549;3,45689
48,5044;3,45689
43,2756;3,45995
48,54;3,45995
29,972;3,17909
32,1221;3,17909
37,3052;3,94516
40,5749;3,94516
23,292;5,16991
25,5241;5,16991
30,9562;4,27017
33,996;4,27017
31,1761;4,51419
34,3313;4,51419
28,8855;2,98996
30,9249;2,98996
16,7882;3,33748
18,4977;3,33748
30,622;4,05869
33,3604;4,05869
30,7359;4,10995
33,487;4,10995
32,6229;4,60475
35,8835;4,60475
28,9869;4,94756
32,2066;4,94756
34,3929;4,14671
37,3918;4,14671
36,4116;4,49122
40;4,49122
35,2372;4,463
38,4906;4,463
24,5261;5,14308
27,9196;5,14308
25,9149;5,20744
27,9868;5,20744
1,53873;3,92146
2,83048;3,92146
2,9591;4,06317
4,29128;4,06317
0,534685;3,69846
0,605057;3,69846
0,605881;3,65597
0,527976;3,65597
1,17193;3,69692
1,71957;3,69692
26,0295;2,85197
27,4206;2,85197
22,4762;2,75918
26,0022;2,75918
34,6009;3,02071
38,3006;3,02071
34,7106;3,02207
38,4285;3,02207
4,26258;2,99009
2,67942;2,99009
3,95559;2,65866
2,59445;2,65866
30,6631;4,03954
33,3754;4,03954
42,7816;3,07371
47,7269;3,07371
42,7675;3,076
47,7156;3,076
31,0165;3,71505
33,6657;3,71505
30,7628;3,46357
33,1353;3,46357
31,7198;3,52798
33,0509;3,52798
31,1498;3,67275
33,7957;3,67275
2,07289;3,2043
0,391778;3,2043
1,89945;3,21741
0,202934;3,21741
29,7911;4,02467
32,5154;4,02467
29,799;4,03279
32,5398;4,03279
29,7472;3,30103
32,0658;3,30103
30,0056;3,39413
32,3503;3,39413
4,44579;2,50569
3,9641;2,50569
4,92511;2,50038
3,93821;2,50038
4,51681;2,53343
3,4584;2,53343
30,9532;3,58801
33,4911;3,58801
6,29143;2,1005
5,25539;2,1005
6,2211;2,09284
5,18195;2,09284
2,11387;3,52503
1,09599;3,52503
3,12494;3,13038
2,15023;3,13038
6,33235;2,12624
5,30396;2,12624
15,2213;3,10558
19,062;3,10558
14,7713;3,08509
16,8121;3,08509
0,982714;3,14392
0,418774;3,14392
28,3838;3,05326
30,3335;3,05326
27,8915;2,91719
29,7376;2,91719
14,2699;2,98531
18,112;2,98531
14,2293;2,93758
18,0885;2,93758
0,582233;3,62115
0,553263;3,62115
1,48469;3,43604
0,439679;3,43604
6,9489;1,92427
5,94862;1,92427
6,30552;2,11896
5,26736;2,11896
3,02474;2,24437
5,40944;2,24437
3,14011;2,27374
5,51734;2,27374
5,88687;2,16012
4,87198;2,16012
5,263;2,41395
4,26032;2,41395
31,3618;3,38414
33,8141;3,38414
27,714;3,20931
29,7504;3,20931
30,1037;3,59853
32,5118;3,59853
31,7311;3,62007
34,2942;3,62007
11,5001;4,63299
12,9581;4,63299
42,5725;3,24763
47,3241;3,24763
30,4636;3,39523
32,8135;3,39523
43,265;3,55358
48,5125;3,55358
5,33599;2,66602
4,07124;2,66602
4,95798;2,73237
4,21891;2,73237
4,06938;2,93805
2,55951;2,93805
5,33866;2,42753
4,05208;2,42753
5,22538;2,53204
4,52865;2,53204
1,00466;3,31251
0,779677;3,31251
0,427298;3,36895
1,39544;3,36895
5,10395;2,83407
3,62692;2,83407
5,39508;3,69422
6,33953;3,69422
3,96713;2,17106
6,34555;2,17106
4,21645;2,18633
6,57354;2,18633
13,4131;2,53173
15,0722;2,53173
21,6106;2,78164
22,8372;2,78164
19,1637;2,48231
22,6378;2,48231
26,3329;3,18617
29,567;3,18617
21,6932;2,70168
22,7919;2,70168
31,7382;4,17293
34,1494;4,17293
13,7686;3,33548
16,3;3,33548
0,183826;3,64449
1,40953;3,64449
2,00799;3,65613
1,57251;3,65613
3,63767;3,30275
2,75474;3,30275
27,0535;5,24176
29,2619;5,24176
38,7424;3,69353
43,9444;3,69353
14,4231;3,40289
16,9054;3,40289
30,326;3,2958
33,8386;3,2958
3,55587;2,16166
5,9448;2,16166
16,5714;3,29604
16,6657;3,29604
14,6673;3,61211
16,8615;3,61211
4,93674;2,7669
4,15854;2,7669
16,9992;2,88948
18,3433;2,88948
17,0007;2,89759
18,3506;2,89759
0,979188;3,88227
0,582264;3,88227
12,1828;3,36499
14,6172;3,36499
16,018;3,28777
17,9545;3,28777
9,09903;2,23038
11,4017;2,23038
1,26117;3,58545
2,38373;3,58545
4,04003;2,96491
2,48647;2,96491
28,182;4,7931
31,3899;4,7931
27,4007;4,95994
29,4346;4,95994
26,1737;4,96475
28,1127;4,96475
30,7987;3,26255
33,0877;3,26255
29,784;3,32731
32,1242;3,32731
4,73302;2,34719
3,71635;2,34719
3,05931;2,33003
5,43613;2,33003
2,85881;3,15691
2,41265;3,15691
2,99534;3,11464
2,55354;3,11464
13,198;4,67596
14,5049;4,67596
13,1984;2,95526
15,5201;2,95526
2,97613;3,04889
2,51384;3,04889
29,5792;3,9275
32,2565;3,9275
2,71152;3,21351
2,25388;3,21351
2,72293;3,30375
2,28954;3,30375
6,7502;2,00486
5,75545;2,00486
6,84231;1,87868
5,82774;1,87868
0,734666;2,18481
3,06933;2,18481
27,1394;3,37481
29,3379;3,37481
30,2165;3,36674
32,6319;3,36674
30,3176;3,358
32,7423;3,358
30,4482;3,22343
32,6807;3,22343
31,0023;3,28319
33,3394;3,28319
31,3676;3,42697
33,7759;3,42697
42,7882;3,3722
47,8063;3,3722
3,01877;3,05339
1,41874;3,05339
4,16475;2,75229
2,86464;2,75229
1,29315;1,99076
3,7065;1,99076
1,93247;2,11794
4,31952;2,11794
24,8729;2,73602
26,1592;2,73602
12,9295;4,56836
15,681;4,56836
19,464;3,55115
20,9015;3,55115
22,7492;3,57139
24,1366;3,57139
28,6872;3,7191
30,258;3,7191
26,183;5,151
28,2323;5,151
29,0825;3,17108
31,2974;3,17108
26,5724;3,02233
27,8119;3,02233
35,3913;4,37506
38,8268;4,37506
5,59399;2,15431
4,54649;2,15431
36,6043;3,38917
39,4192;3,38917
29,2344;3,38269
31,214;3,38269
28,4409;2,98675
30,3679;2,98675
6,50172;2,10636
5,45147;2,10636
6,65225;2,02352
5,63243;2,02352
25,7334;5,11037
27,7214;5,11037
30,7405;4,17861
33,5185;4,17861
30,6852;4,12365
33,4309;4,12365
1,98747;3,39183
1,60447;3,39183
11,3141;2,42503
13,2302;2,42503
4,78135;2,5905
4,07369;2,5905
2,68418;2,51497
1,54857;2,51497
1,87769;3,69989
1,4309;3,69989
13,4793;4,71135
14,8597;4,71135
4,94538;2,12006
3,87498;2,12006
4,43956;2,30274
3,33713;2,30274
29,7741;3,17305
31,8949;3,17305
4,3851;2,72793
3,33501;2,72793
3,01068;3,13625
2,56441;3,13625
31,1145;3,66089
33,7425;3,66089
3,20647;2,07368
1,98724;2,07368
2,74331;2,3328
1,49097;2,3328
6,09393;2,16718
5,04967;2,16718
7,08718;1,9202
6,07998;1,9202
6,07856;2,13991
5,09835;2,13991
11,3354;4,60594
12,7943;4,60594
11,7987;4,67345
13,2896;4,67345
30,4747;3,42628
32,8497;3,42628
13,7909;2,46768
15,4394;2,46768
14,655;2,47172
16,2281;2,47172
33,2422;4,07314
36,1786;4,07314
2,62286;3,98217
3,0281;3,98217
3,38101;3,93194
4,75259;3,93194
20,1098;2,60842
23,6628;2,60842
8,67925;2,30418
10,923;2,30418
1,777;2,08018
4,16383;2,08018
1,72869;2,05328
4,1248;2,05328
2,93723;2,09928
5,33291;2,09928
2,9705;2,08244
5,36893;2,08244
29,4324;3,49161
31,732;3,49161
30,1148;3,6382
32,5541;3,6382
30,0945;3,39828
32,4556;3,39828
30,1526;3,41007
32,5853;3,41007
30,0348;3,31411
32,4029;3,31411
47,5985;3,451
53,491;3,451
3,12766;2,05147
5,52698;2,05147
2,45539;2,08863
4,83109;2,08863
16,1091;2,98354
17,7598;2,98354
2,12992;2,10487
4,51251;2,10487
1,93132;2,06279
4,31582;2,06279
3,79656;2,4355
2,66146;2,4355
47,6278;3,19421
53,5697;3,19421
16,8478;3,49525
18,8574;3,49525
27,3133;3,39084
29,5399;3,39084
4,89821;2,2124
7,22262;2,2124
46,302;3,75916
50,4244;3,75916
38,2066;3,47683
41,3952;3,47683
37,3816;4,02852
40,6985;4,02852
42,9824;3,7085
48,321;3,7085
43,2764;3,71109
48,7437;3,71109
31,1838;4,60258
34,3375;4,60258
29,3388;4,8902
31,2272;4,8902
25,9407;5,23585
26,916;5,23585
31,5398;3,86381
34,2631;3,86381
30,9481;4,1198
33,7285;4,1198
30,699;3,99106
33,5216;3,99106
35,0412;4,49902
38,2928;4,49902
35,8581;4,48506
39,3762;4,48506
35,7578;4,41091
39,2249;4,41091
35,4462;4,38218
38,8583;4,38218
35,9581;4,32921
37,6168;4,32921
0,708333;3,64868
0,418766;3,64868
0,344775;3,71736
1,58149;3,71736
3,64402;3,16242
3,34669;3,16242
30,1799;3,98408
32,3273;3,98408
14,5514;3,41363
17,0071;3,41363
18,1517;3,43655
19,8087;3,43655
19,0174;3,51808
18,4603;3,51808
16,202;4,67303
16,8154;4,67303
12,7021;4,04109
13,6529;4,04109
12,6216;4,3555
13,4689;4,3555
14,2002;4,50493
14,9772;4,50493
21,1541;2,58316
22,2991;2,58316
18,257;2,64701
19,3951;2,64701
13,5313;2,47132
15,2031;2,47132
20,7435;2,66822
24,1556;2,66822
25,2109;2,801
26,7666;2,801
29,0382;2,95055
30,8446;2,95055
21,0613;2,61674
22,0366;2,61674
4,28902;2,20443
6,6061;2,20443
5,23492;2,17933
7,5442;2,17933
0,619839;2,01606
3,00367;2,01606
9,52081;2,34076
11,6495;2,34076
9,70872;2,33758
11,841;2,33758
5,53094;2,20478
7,81371;2,20478
4,52035;2,22475
7,04469;2,22475
4,93408;2,2295
7,25195;2,2295
4,27502;2,21964
7,76316;2,21964
2,62302;2,08779
5,02343;2,08779
8,0884;2,43405
10,454;2,43405
6,51382;2,2435
10,0954;2,2435
0,383067;3,40663
2,24564;3,40663
24,4106;2,83165
26,0605;2,83165
2,85616;3,10249
1,23765;3,10249
0,710666;3,34802
1,10272;3,34802
3,57135;2,97315
2,0212;2,97315
3,38341;3,01318
1,8056;3,01318
3,23555;2,8814
2,42787;2,8814
3,33318;2,88785
2,52741;2,88785
36,5861;3,14155
39,3899;3,14155
31,217;3,26842
33,5657;3,26842
42,764;3,26902
47,7884;3,26902
43,3756;3,00009
48,2781;3,00009
42,9706;2,8759
47,8843;2,8759
42,4462;3,01324
47,2673;3,01324
14,5176;4,95693
17,0273;4,95693
30,894;3,59826
33,4453;3,59826
30,9936;3,37232
33,4854;3,37232
30,397;3,79736
32,9561;3,79736
26,9553;3,12593
28,8675;3,12593
29,6045;3,07581
31,6802;3,07581
30,4878;3,47564
32,9494;3,47564
4,45138;2,56765
3,46115;2,56765
10,0457;2,65365
12,4243;2,65365
1,9936;2,1743
4,3623;2,1743
2,8044;2,16483
5,21052;2,16483
11,1345;2,49214
13,3166;2,49214
9,45987;2,46664
11,7652;2,46664
6,00123;2,31215
9,63151;2,31215
5,57941;1,85994
3,88638;1,85994
5,25371;1,96881
3,54895;1,96881
5,35735;2,28542
4,3163;2,28542
5,55865;2,27228
4,50097;2,27228
3,02773;2,22572
1,77155;2,22572
3,11233;3,18334
2,14933;3,18334
0,320972;3,47621
0,837516;3,47621
1,55088;3,36412
0,504309;3,36412
0,822326;3,20259
0,315449;3,20259
2,80498;2,88127
1,74455;2,88127
61,1966;3,29402
66,1929;3,29402
15,4515;3,22203
17,446;3,22203
14,7894;3,139
16,8792;3,139
41,0684;3,29265
19,322;3,29265
44,7014;2,9878
49,7594;2,9878
15,6246;2,85012
17,3347;2,85012
17,512;3,0328
18,8205;3,0328
1,86438;2,9532
0,786052;2,9532
15,7015;3,0044
17,3635;3,0044
15,3965;3,08991
19,4844;3,08991
2,75267;2,88771
1,68477;2,88771
45,0174;3,06944
50,7819;3,06944
4,60978;2,14338
3,4893;2,14338
14,3898;2,84062
16,3103;2,84062
17,0762;2,65314
20,7727;2,65314
42,7545;3,35975
47,7062;3,35975
47,9255;3,13631
53,6551;3,13631
42,2763;2,93712
47,0139;2,93712
35,9785;3,13688
38,5257;3,13688
27,058;2,89813
28,6977;2,89813
42,1261;3,34293
47,1945;3,34293
37,0634;3,67237
40,0699;3,67237
18,3309;2,71173
19,7204;2,71173
2,93803;3,75239
4,15123;3,75239
13,0855;2,53652
14,793;2,53652
2,47657;2,06213
4,87638;2,06213
1,64539;2,01693
4,05358;2,01693
6,83755;2,39547
9,02177;2,39547
1,77991;2,11285
4,1407;2,11285
34,7392;2,70928
35,9109;2,70928
28,8973;3,92386
30,7028;3,92386
6,40635;2,38729
6,36311;2,38729
38,2929;3,70718
40,3818;3,70718
43,6532;3,42497
46,6495;3,42497
60,6478;3,2753
68,9676;3,2753
27,4188;3,8498
29,0085;3,8498
10,908;3,44162
13,4791;3,44162
28,4956;5,0566
31,8006;5,0566
32,8424;4,40367
36,0121;4,40367
23,3595;5,06844
25,533;5,06844
36,0226;3,98379
39,1546;3,98379
42,3197;3,59946
45,7368;3,59946
30,528;3,10444
32,6202;3,10444
5,47271;2,45048
4,53972;2,45048
16,2086;2,65682
17,6559;2,65682
3,38753;2,8196
2,37611;2,8196
