# name: debug
# type: sparse matrix
# nnz: 4147
# rows: 595
# columns: 595

1 1 0.040951804
2 1 -0.000382426
3 1 0.002056192
4 1 0.000356232
5 1 -0.001722694
6 1 -0.001217102
8 1 -0.000025424
9 1 -0.000553351
10 1 -0.000153676
11 1 0.000035432
12 1 0.000586319
13 1 0.000120652
14 1 0.000105103
15 1 0.000316693
16 1 -0.000127405
17 1 -0.000095095
18 1 -0.000283724
19 1 0.000094381
20 1 0.000058047
21 1 -0.000112765
22 1 -0.000015864
23 1 -0.000043221
24 1 0.000117768
25 1 -0.000031241
26 1 -0.000119888
27 1 -0.001393392
28 1 -0.000494964
29 1 0.000161457
30 1 0.001429164
31 1 0.000361984
32 1 0.000043000
33 1 0.000451744
34 1 0.000065702
35 1 -0.000016256
36 1 -0.000420975
37 1 -0.000151577
44 1 0.000128967
45 1 0.000063940
46 1 0.000028149
47 1 -0.000121654
48 1 -0.000061745
49 1 -0.000051373
50 1 -0.000013070
51 1 -0.000250581
52 1 -0.000035024
53 1 0.000020383
54 1 0.000252775
55 1 0.000011800
56 1 0.000492636
57 1 0.000269840
58 1 -0.000138001
59 1 -0.000481543
60 1 -0.000208851
61 1 0.000100383
62 1 -0.000313140
63 1 -0.000514821
64 1 -0.000346017
65 1 0.000324233
66 1 0.000575810
67 1 0.000308398
1 2 -0.000382426
2 2 0.035916731
3 2 0.000138960
4 2 0.000055081
5 2 0.000048776
6 2 0.000124366
8 2 0.000002539
9 2 0.000055270
10 2 0.000015349
11 2 -0.000003539
12 2 -0.000058563
13 2 -0.000012051
14 2 -0.000010498
15 2 -0.000031632
16 2 0.000012725
17 2 0.000009498
18 2 0.000028339
19 2 -0.000009427
20 2 0.000001026
21 2 -0.000001993
22 2 -0.000000280
23 2 -0.000000764
24 2 0.000002082
25 2 -0.000000552
26 2 0.000019805
27 2 0.000187591
28 2 0.000073303
29 2 -0.000024112
30 2 -0.000192759
31 2 -0.000059465
32 2 -0.000007346
33 2 -0.000077172
34 2 -0.000011224
35 2 0.000002777
36 2 0.000071916
37 2 0.000025894
44 2 0.000070937
45 2 0.000035169
46 2 0.000015483
47 2 -0.000066915
48 2 -0.000033962
49 2 -0.000028257
50 2 -0.000007189
51 2 -0.000137829
52 2 -0.000019265
53 2 0.000011211
54 2 0.000139036
55 2 0.000006490
56 2 -0.000038956
57 2 -0.000021338
58 2 0.000010913
59 2 0.000038079
60 2 0.000016515
61 2 -0.000007938
62 2 0.000024762
63 2 0.000040710
64 2 0.000027362
65 2 -0.000025639
66 2 -0.000045533
67 2 -0.000024387
1 3 0.002056192
2 3 0.000138960
3 3 0.037325925
4 3 0.000352288
5 3 -0.000863630
6 3 -0.000405007
8 3 -0.000009345
9 3 -0.000203394
10 3 -0.000056486
11 3 0.000013024
12 3 0.000215512
13 3 0.000044348
14 3 0.000038632
15 3 0.000116406
16 3 -0.000046830
17 3 -0.000034954
18 3 -0.000104288
19 3 0.000034691
20 3 0.000036674
21 3 -0.000071246
22 3 -0.000010023
23 3 -0.000027308
24 3 0.000074407
25 3 -0.000019738
26 3 -0.000015434
27 3 -0.000296545
28 3 -0.000087000
29 3 0.000027829
30 3 0.000303190
31 3 0.000047515
32 3 0.000004869
33 3 0.000051150
34 3 0.000007439
35 3 -0.000001841
36 3 -0.000047666
37 3 -0.000017163
44 3 0.000248305
45 3 0.000123105
46 3 0.000054195
47 3 -0.000234225
48 3 -0.000118880
49 3 -0.000098910
50 3 -0.000025163
51 3 -0.000482450
52 3 -0.000067433
53 3 0.000039243
54 3 0.000486676
55 3 0.000022719
56 3 0.000202410
57 3 0.000110869
58 3 -0.000056701
59 3 -0.000197852
60 3 -0.000085811
61 3 0.000041244
62 3 -0.000128660
63 3 -0.000211525
64 3 -0.000142168
65 3 0.000133218
66 3 0.000236583
67 3 0.000126712
1 4 0.000356232
2 4 0.000055081
3 4 0.000352288
4 4 0.035864195
5 4 -0.000143190
6 4 -0.000073711
8 4 -0.000002006
9 4 -0.000043659
10 4 -0.000012125
11 4 0.000002796
12 4 0.000046261
13 4 0.000009519
14 4 0.000008293
15 4 0.000024987
16 4 -0.000010052
17 4 -0.000007503
18 4 -0.000022386
19 4 0.000007447
20 4 0.000005035
21 4 -0.000009781
22 4 -0.000001376
23 4 -0.000003749
24 4 0.000010215
25 4 -0.000002710
26 4 0.000004491
27 4 0.000023268
28 4 0.000012793
29 4 -0.000004309
30 4 -0.000024104
31 4 -0.000013333
32 4 -0.000001775
33 4 -0.000018651
34 4 -0.000002713
35 4 0.000000671
36 4 0.000017380
37 4 0.000006258
44 4 0.000062571
45 4 0.000031022
46 4 0.000013657
47 4 -0.000059023
48 4 -0.000029957
49 4 -0.000024925
50 4 -0.000006341
51 4 -0.000121575
52 4 -0.000016993
53 4 0.000009889
54 4 0.000122640
55 4 0.000005725
56 4 0.000057915
57 4 0.000031723
58 4 -0.000016224
59 4 -0.000056611
60 4 -0.000024553
61 4 0.000011801
62 4 -0.000036813
63 4 -0.000060523
64 4 -0.000040678
65 4 0.000038117
66 4 0.000067693
67 4 0.000036256
1 5 -0.001722694
2 5 0.000048776
3 5 -0.000863630
4 5 -0.000143190
5 5 0.036499734
6 5 0.000334977
8 5 0.000005958
9 5 0.000129676
10 5 0.000036013
11 5 -0.000008303
12 5 -0.000137402
13 5 -0.000028274
14 5 -0.000024630
15 5 -0.000074216
16 5 0.000029857
17 5 0.000022285
18 5 0.000066490
19 5 -0.000022118
20 5 -0.000035164
21 5 0.000068312
22 5 0.000009611
23 5 0.000026183
24 5 -0.000071343
25 5 0.000018925
26 5 0.000046324
27 5 0.000589501
28 5 0.000201406
29 5 -0.000065459
30 5 -0.000604212
31 5 -0.000140269
32 5 -0.000016324
33 5 -0.000171498
34 5 -0.000024943
35 5 0.000006171
36 5 0.000159817
37 5 0.000057544
44 5 -0.000100765
45 5 -0.000049957
46 5 -0.000021993
47 5 0.000095051
48 5 0.000048243
49 5 0.000040138
50 5 0.000010212
51 5 0.000195783
52 5 0.000027365
53 5 -0.000015925
54 5 -0.000197498
55 5 -0.000009220
56 5 -0.000079043
57 5 -0.000043296
58 5 0.000022142
59 5 0.000077263
60 5 0.000033510
61 5 -0.000016106
62 5 0.000050243
63 5 0.000082603
64 5 0.000055518
65 5 -0.000052023
66 5 -0.000092389
67 5 -0.000049482
1 6 -0.001217102
2 6 0.000124366
3 6 -0.000405007
4 6 -0.000073711
5 6 0.000334977
6 6 0.036090713
8 6 0.000007076
9 6 0.000154017
10 6 0.000042773
11 6 -0.000009862
12 6 -0.000163193
13 6 -0.000033582
14 6 -0.000029254
15 6 -0.000088147
16 6 0.000035461
17 6 0.000026468
18 6 0.000078970
19 6 -0.000026269
20 6 -0.000006985
21 6 0.000013570
22 6 0.000001909
23 6 0.000005201
24 6 -0.000014172
25 6 0.000003759
26 6 0.000024640
27 6 0.000266534
28 6 0.000097784
29 6 -0.000031990
30 6 -0.000273540
31 6 -0.000074241
32 6 -0.000008950
33 6 -0.000094030
34 6 -0.000013676
35 6 0.000003384
36 6 0.000087625
37 6 0.000031550
44 6 -0.000003712
45 6 -0.000001840
46 6 -0.000000810
47 6 0.000003502
48 6 0.000001777
49 6 0.000001479
50 6 0.000000376
51 6 0.000007213
52 6 0.000001008
53 6 -0.000000587
54 6 -0.000007276
55 6 -0.000000340
56 6 -0.000156169
57 6 -0.000085541
58 6 0.000043747
59 6 0.000152652
60 6 0.000066207
61 6 -0.000031822
62 6 0.000099267
63 6 0.000163202
64 6 0.000109690
65 6 -0.000102784
66 6 -0.000182536
67 6 -0.000097764
7 7 46.998787136
8 7 0.000000000
9 7 0.000000000
10 7 0.135418140
11 7 0.000000000
12 7 0.000000000
13 7 0.182546503
14 7 0.000000000
15 7 0.000000000
16 7 0.101351002
17 7 0.000000000
18 7 0.000000000
19 7 0.145800979
20 7 0.000000000
21 7 0.000000000
22 7 0.137476448
23 7 0.000000000
24 7 0.000000000
25 7 0.188017254
26 7 0.000000000
27 7 0.000000000
28 7 0.081494098
29 7 0.000000000
30 7 0.000000000
31 7 0.117554173
32 7 0.000000000
33 7 0.000000000
34 7 0.103595145
35 7 0.000000000
36 7 0.000000000
37 7 0.152127286
38 7 0.000000000
39 7 0.000000000
40 7 0.114548110
41 7 0.000000000
42 7 0.000000000
43 7 0.158454515
44 7 0.000000000
45 7 0.000000000
46 7 0.121684212
47 7 0.000000000
48 7 0.000000000
49 7 0.167614103
50 7 0.000000000
51 7 0.000000000
52 7 0.116050215
53 7 0.000000000
54 7 0.000000000
55 7 0.160901107
56 7 0.000000000
57 7 0.000000000
58 7 0.124460991
59 7 0.000000000
60 7 0.000000000
61 7 0.170333281
62 7 0.000000000
63 7 0.000000000
64 7 0.139891610
65 7 0.000000000
66 7 0.000000000
67 7 0.190182205
68 7 0.000000000
69 7 0.000000000
70 7 0.117848483
71 7 0.000000000
72 7 0.000000000
73 7 0.159969740
74 7 0.000000000
75 7 0.000000000
76 7 0.103397330
77 7 0.000000000
78 7 0.000000000
79 7 0.144912735
80 7 0.000000000
81 7 0.000000000
82 7 0.152464495
83 7 0.000000000
84 7 0.000000000
85 7 0.203430832
86 7 0.000000000
87 7 0.000000000
88 7 0.134002685
89 7 0.000000000
90 7 0.000000000
91 7 0.181902561
92 7 0.000000000
93 7 0.000000000
94 7 0.126594199
95 7 0.000000000
96 7 0.000000000
97 7 0.193537530
98 7 0.000000000
99 7 0.000000000
100 7 0.132047258
101 7 0.000000000
102 7 0.000000000
103 7 0.193481905
104 7 0.000000000
105 7 0.000000000
106 7 0.125461597
107 7 0.000000000
108 7 0.000000000
109 7 0.170828433
110 7 0.000000000
111 7 0.000000000
112 7 0.093143337
113 7 0.000000000
114 7 0.000000000
115 7 0.134114575
116 7 0.000000000
117 7 0.000000000
118 7 0.088178809
119 7 0.000000000
120 7 0.000000000
121 7 0.127120534
122 7 0.000000000
123 7 0.000000000
124 7 0.086835873
125 7 0.000000000
126 7 0.000000000
127 7 0.123651433
128 7 0.000000000
129 7 0.000000000
130 7 0.088341471
131 7 0.000000000
132 7 0.000000000
133 7 0.125553762
134 7 0.000000000
135 7 0.000000000
136 7 0.098717884
137 7 0.000000000
138 7 0.000000000
139 7 0.129246587
140 7 0.000000000
141 7 0.000000000
142 7 0.100711810
143 7 0.000000000
144 7 0.000000000
145 7 0.141779640
146 7 0.000000000
147 7 0.000000000
148 7 0.121427441
149 7 0.000000000
150 7 0.000000000
151 7 0.165730825
152 7 0.000000000
153 7 0.000000000
154 7 0.122484593
155 7 0.000000000
156 7 0.000000000
157 7 0.166681018
158 7 0.000000000
159 7 0.000000000
160 7 0.122851613
161 7 0.000000000
162 7 0.000000000
163 7 0.166234312
164 7 0.000000000
165 7 0.000000000
166 7 0.094731344
167 7 0.000000000
168 7 0.000000000
169 7 0.135626542
170 7 0.000000000
171 7 0.000000000
172 7 0.122124155
173 7 0.000000000
174 7 0.000000000
175 7 0.170156420
176 7 0.000000000
177 7 0.000000000
178 7 0.107142106
179 7 0.000000000
180 7 0.000000000
181 7 0.148998494
182 7 0.000000000
183 7 0.000000000
184 7 0.108037219
185 7 0.000000000
186 7 0.000000000
187 7 0.151572128
188 7 0.000000000
189 7 0.000000000
190 7 0.114754984
191 7 0.000000000
192 7 0.000000000
193 7 0.160080821
194 7 0.000000000
195 7 0.000000000
196 7 0.129043183
197 7 0.000000000
198 7 0.000000000
199 7 0.184929348
200 7 0.000000000
201 7 0.000000000
202 7 0.138072898
203 7 0.000000000
204 7 0.000000000
205 7 0.197905771
206 7 0.000000000
207 7 0.000000000
208 7 0.155411945
209 7 0.000000000
210 7 0.000000000
211 7 0.213073093
212 7 0.000000000
213 7 0.000000000
214 7 0.111293038
215 7 0.000000000
216 7 0.000000000
217 7 0.148215591
218 7 0.000000000
219 7 0.000000000
220 7 0.109136764
221 7 0.000000000
222 7 0.000000000
223 7 0.151852881
224 7 0.000000000
225 7 0.000000000
226 7 0.135181061
227 7 0.000000000
228 7 0.000000000
229 7 0.188334816
230 7 0.000000000
231 7 0.000000000
232 7 0.137217341
233 7 0.000000000
234 7 0.000000000
235 7 0.194155794
236 7 0.000000000
237 7 0.000000000
238 7 0.111618958
239 7 0.000000000
240 7 0.000000000
241 7 0.157168248
242 7 0.000000000
243 7 0.000000000
244 7 0.113409813
245 7 0.000000000
246 7 0.000000000
247 7 0.159462725
248 7 0.000000000
249 7 0.000000000
250 7 0.121835394
251 7 0.000000000
252 7 0.000000000
253 7 0.165564186
254 7 0.000000000
255 7 0.000000000
256 7 0.091272353
257 7 0.000000000
258 7 0.000000000
259 7 0.129527631
260 7 0.000000000
261 7 0.000000000
262 7 0.091800580
263 7 0.000000000
264 7 0.000000000
265 7 0.133834890
266 7 0.000000000
267 7 0.000000000
268 7 0.103194589
269 7 0.000000000
270 7 0.000000000
271 7 0.144913611
272 7 0.000000000
273 7 0.000000000
274 7 0.102666115
275 7 0.000000000
276 7 0.000000000
277 7 0.152467651
278 7 0.000000000
279 7 0.000000000
280 7 0.108159691
281 7 0.000000000
282 7 0.000000000
283 7 0.155209474
284 7 0.000000000
285 7 0.000000000
286 7 0.139983966
287 7 0.000000000
288 7 0.000000000
289 7 0.196673062
290 7 0.000000000
291 7 0.000000000
292 7 0.142019999
293 7 0.000000000
294 7 0.000000000
295 7 0.204452151
296 7 0.000000000
297 7 0.000000000
298 7 0.142832590
299 7 0.000000000
300 7 0.000000000
301 7 0.209150715
302 7 0.000000000
303 7 0.000000000
304 7 0.140570419
305 7 0.000000000
306 7 0.000000000
307 7 0.188913203
308 7 0.000000000
309 7 0.000000000
310 7 0.141182494
311 7 0.000000000
312 7 0.000000000
313 7 0.191936116
314 7 0.000000000
315 7 0.000000000
316 7 0.113816058
317 7 0.000000000
318 7 0.000000000
319 7 0.160021478
320 7 0.000000000
321 7 0.000000000
322 7 0.112188145
323 7 0.000000000
324 7 0.000000000
325 7 0.163881862
326 7 0.000000000
327 7 0.000000000
328 7 0.114508312
329 7 0.000000000
330 7 0.000000000
331 7 0.162148182
332 7 0.000000000
333 7 0.000000000
334 7 0.116705569
335 7 0.000000000
336 7 0.000000000
337 7 0.181675254
338 7 0.000000000
339 7 0.000000000
340 7 0.135383667
341 7 0.000000000
342 7 0.000000000
343 7 0.185984141
344 7 0.000000000
345 7 0.000000000
346 7 0.110356285
347 7 0.000000000
348 7 0.000000000
349 7 0.150508641
350 7 0.000000000
351 7 0.000000000
352 7 0.100753372
353 7 0.000000000
354 7 0.000000000
355 7 0.149725783
356 7 0.000000000
357 7 0.000000000
358 7 0.110844777
359 7 0.000000000
360 7 0.000000000
361 7 0.149054141
362 7 0.000000000
363 7 0.000000000
364 7 0.127695394
365 7 0.000000000
366 7 0.000000000
367 7 0.200422950
368 7 0.000000000
369 7 0.000000000
370 7 0.110559920
371 7 0.000000000
372 7 0.000000000
373 7 0.177142677
374 7 0.000000000
375 7 0.000000000
376 7 0.127530115
377 7 0.000000000
378 7 0.000000000
379 7 0.182962621
380 7 0.000000000
381 7 0.000000000
382 7 0.153456968
383 7 0.000000000
384 7 0.000000000
385 7 0.208315277
386 7 0.000000000
387 7 0.000000000
388 7 0.152890263
389 7 0.000000000
390 7 0.000000000
391 7 0.206136171
392 7 0.000000000
393 7 0.000000000
394 7 0.119229768
395 7 0.000000000
396 7 0.000000000
397 7 0.186264826
398 7 0.000000000
399 7 0.000000000
400 7 0.092451521
401 7 0.000000000
402 7 0.000000000
403 7 0.131708601
404 7 0.000000000
405 7 0.000000000
406 7 0.135873562
407 7 0.000000000
408 7 0.000000000
409 7 0.202603582
410 7 0.000000000
411 7 0.000000000
412 7 0.094201426
413 7 0.000000000
414 7 0.000000000
415 7 0.137583665
416 7 0.000000000
417 7 0.000000000
418 7 0.116993061
419 7 0.000000000
420 7 0.000000000
421 7 0.163437886
422 7 0.000000000
423 7 0.000000000
424 7 0.116300549
425 7 0.000000000
426 7 0.000000000
427 7 0.163213253
428 7 0.000000000
429 7 0.000000000
430 7 0.122040909
431 7 0.000000000
432 7 0.000000000
433 7 0.175861532
434 7 0.000000000
435 7 0.000000000
436 7 0.092370296
437 7 0.000000000
438 7 0.000000000
439 7 0.134282550
440 7 0.000000000
441 7 0.000000000
442 7 0.096643176
443 7 0.000000000
444 7 0.000000000
445 7 0.142675500
446 7 0.000000000
447 7 0.000000000
448 7 0.094364313
449 7 0.000000000
450 7 0.000000000
451 7 0.137527849
452 7 0.000000000
453 7 0.000000000
454 7 0.141696663
455 7 0.000000000
456 7 0.000000000
457 7 0.211616931
458 7 0.000000000
459 7 0.000000000
460 7 0.148085987
461 7 0.000000000
462 7 0.000000000
463 7 0.215869710
464 7 0.000000000
465 7 0.000000000
466 7 0.098922119
467 7 0.000000000
468 7 0.000000000
469 7 0.146984005
470 7 0.000000000
471 7 0.000000000
472 7 0.134816557
473 7 0.000000000
474 7 0.000000000
475 7 0.206409746
476 7 0.000000000
477 7 0.000000000
478 7 0.147189060
479 7 0.000000000
480 7 0.000000000
481 7 0.209209373
482 7 0.000000000
483 7 0.000000000
484 7 0.105597092
485 7 0.000000000
486 7 0.000000000
487 7 0.146817973
488 7 0.000000000
489 7 0.000000000
490 7 0.129372619
491 7 0.000000000
492 7 0.000000000
493 7 0.175756865
494 7 0.000000000
495 7 0.000000000
496 7 0.139797232
497 7 0.000000000
498 7 0.000000000
499 7 0.191543058
500 7 0.000000000
501 7 0.000000000
502 7 0.110357358
503 7 0.000000000
504 7 0.000000000
505 7 0.166456092
506 7 0.000000000
507 7 0.000000000
508 7 0.118008068
509 7 0.000000000
510 7 0.000000000
511 7 0.174345982
512 7 0.000000000
513 7 0.000000000
514 7 0.130718138
515 7 0.000000000
516 7 0.000000000
517 7 0.176710787
518 7 0.000000000
519 7 0.000000000
520 7 0.118700041
521 7 0.000000000
522 7 0.000000000
523 7 0.177423609
524 7 0.000000000
525 7 0.000000000
526 7 0.133757979
527 7 0.000000000
528 7 0.000000000
529 7 0.201820825
530 7 0.000000000
531 7 0.000000000
532 7 0.120165482
533 7 0.000000000
534 7 0.000000000
535 7 0.183467075
536 7 0.000000000
537 7 0.000000000
538 7 0.154442365
539 7 0.000000000
540 7 0.000000000
541 7 0.211513769
542 7 0.000000000
543 7 0.000000000
544 7 0.094974646
545 7 0.000000000
546 7 0.000000000
547 7 0.139318244
548 7 0.000000000
549 7 0.000000000
550 7 0.150449467
551 7 0.000000000
552 7 0.000000000
553 7 0.213858996
554 7 0.000000000
555 7 0.000000000
556 7 0.109665188
557 7 0.000000000
558 7 0.000000000
559 7 0.163434191
560 7 0.000000000
561 7 0.000000000
562 7 0.112677513
563 7 0.000000000
564 7 0.000000000
565 7 0.168918870
566 7 0.000000000
567 7 0.000000000
568 7 0.119351880
569 7 0.000000000
570 7 0.000000000
571 7 0.182851922
572 7 0.000000000
573 7 0.000000000
574 7 0.141410250
575 7 0.000000000
576 7 0.000000000
577 7 0.190858970
578 7 0.000000000
579 7 0.000000000
580 7 0.147148386
581 7 0.000000000
582 7 0.000000000
583 7 0.194496462
584 7 0.000000000
585 7 0.000000000
586 7 0.123907855
587 7 0.000000000
588 7 0.000000000
589 7 0.170316960
590 7 0.000000000
591 7 0.000000000
592 7 0.131928337
593 7 0.000000000
594 7 0.000000000
595 7 0.178604703
1 8 -0.000025424
2 8 0.000002539
3 8 -0.000009345
4 8 -0.000002006
5 8 0.000005958
6 8 0.000007076
7 8 0.000000000
8 8 730825.308212993
9 8 -6173.337344494
10 8 34905.972158230
11 8 -0.000000892
12 8 -0.000014761
13 8 -0.000003038
14 8 -0.000002646
15 8 -0.000007973
16 8 0.000003208
17 8 0.000002394
18 8 0.000007143
19 8 -0.000002376
1 9 -0.000553351
2 9 0.000055270
3 9 -0.000203394
4 9 -0.000043659
5 9 0.000129676
6 9 0.000154017
7 9 0.000000000
8 9 -6173.337344494
9 9 49833.148672981
10 9 -168194.620758803
11 9 -0.000019415
12 9 -0.000321271
13 9 -0.000066111
14 9 -0.000057591
15 9 -0.000173530
16 9 0.000069811
17 9 0.000052107
18 9 0.000155466
19 9 -0.000051716
1 10 -0.000153676
2 10 0.000015349
3 10 -0.000056486
4 10 -0.000012125
5 10 0.000036013
6 10 0.000042773
7 10 0.135418140
8 10 34905.972158230
9 10 -168194.620758803
10 10 567954.683386504
11 10 -0.000005392
12 10 -0.000089223
13 10 -0.000018360
14 10 -0.000015994
15 10 -0.000048193
16 10 0.000019388
17 10 0.000014471
18 10 0.000043176
19 10 -0.000014362
1 11 0.000035432
2 11 -0.000003539
3 11 0.000013024
4 11 0.000002796
5 11 -0.000008303
6 11 -0.000009862
7 11 0.000000000
8 11 -0.000000892
9 11 -0.000019415
10 11 -0.000005392
11 11 108765.040782519
12 11 -1773.027492364
13 11 5239.539236610
14 11 0.000003688
15 11 0.000011112
16 11 -0.000004470
17 11 -0.000003336
18 11 -0.000009955
19 11 0.000003311
1 12 0.000586319
2 12 -0.000058563
3 12 0.000215512
4 12 0.000046261
5 12 -0.000137402
6 12 -0.000163193
7 12 0.000000000
8 12 -0.000014761
9 12 -0.000321271
10 12 -0.000089223
11 12 -1773.027492364
12 12 8668.705272494
13 12 -26353.803507647
14 12 0.000061022
15 12 0.000183869
16 12 -0.000073970
17 12 -0.000055211
18 12 -0.000164728
19 12 0.000054797
1 13 0.000120652
2 13 -0.000012051
3 13 0.000044348
4 13 0.000009519
5 13 -0.000028274
6 13 -0.000033582
7 13 0.182546503
8 13 -0.000003038
9 13 -0.000066111
10 13 -0.000018360
11 13 5239.539236610
12 13 -26353.803507647
13 13 80119.090337180
14 13 0.000012557
15 13 0.000037836
16 13 -0.000015221
17 13 -0.000011361
18 13 -0.000033897
19 13 0.000011276
1 14 0.000105103
2 14 -0.000010498
3 14 0.000038632
4 14 0.000008293
5 14 -0.000024630
6 14 -0.000029254
7 14 0.000000000
8 14 -0.000002646
9 14 -0.000057591
10 14 -0.000015994
11 14 0.000003688
12 14 0.000061022
13 14 0.000012557
14 14 27569949.208055448
15 14 1206257.154709690
16 14 6924966.547616638
17 14 -0.000009897
18 14 -0.000029529
19 14 0.000009823
1 15 0.000316693
2 15 -0.000031632
3 15 0.000116406
4 15 0.000024987
5 15 -0.000074216
6 15 -0.000088147
7 15 0.000000000
8 15 -0.000007973
9 15 -0.000173530
10 15 -0.000048193
11 15 0.000011112
12 15 0.000183869
13 15 0.000037836
14 15 1206257.154709690
15 15 14627256.666674830
16 15 -16538748.113916446
17 15 -0.000029822
18 15 -0.000088976
19 15 0.000029598
1 16 -0.000127405
2 16 0.000012725
3 16 -0.000046830
4 16 -0.000010052
5 16 0.000029857
6 16 0.000035461
7 16 0.101351002
8 16 0.000003208
9 16 0.000069811
10 16 0.000019388
11 16 -0.000004470
12 16 -0.000073970
13 16 -0.000015221
14 16 6924966.547616638
15 16 -16538748.113916446
16 16 21201088.416403029
17 16 0.000011997
18 16 0.000035795
19 16 -0.000011907
1 17 -0.000095095
2 17 0.000009498
3 17 -0.000034954
4 17 -0.000007503
5 17 0.000022285
6 17 0.000026468
7 17 0.000000000
8 17 0.000002394
9 17 0.000052107
10 17 0.000014471
11 17 -0.000003336
12 17 -0.000055211
13 17 -0.000011361
14 17 -0.000009897
15 17 -0.000029822
16 17 0.000011997
17 17 1998808.634487115
18 17 24430.409878147
19 17 517495.595466581
1 18 -0.000283724
2 18 0.000028339
3 18 -0.000104288
4 18 -0.000022386
5 18 0.000066490
6 18 0.000078970
7 18 0.000000000
8 18 0.000007143
9 18 0.000155466
10 18 0.000043176
11 18 -0.000009955
12 18 -0.000164728
13 18 -0.000033897
14 18 -0.000029529
15 18 -0.000088976
16 18 0.000035795
17 18 24430.409878147
18 18 1085470.121636842
19 18 -1171312.087563091
1 19 0.000094381
2 19 -0.000009427
3 19 0.000034691
4 19 0.000007447
5 19 -0.000022118
6 19 -0.000026269
7 19 0.145800979
8 19 -0.000002376
9 19 -0.000051716
10 19 -0.000014362
11 19 0.000003311
12 19 0.000054797
13 19 0.000011276
14 19 0.000009823
15 19 0.000029598
16 19 -0.000011907
17 19 517495.595466581
18 19 -1171312.087563091
19 19 1411962.490305278
1 20 0.000058047
2 20 0.000001026
3 20 0.000036674
4 20 0.000005035
5 20 -0.000035164
6 20 -0.000006985
7 20 0.000000000
20 20 2647325.039757224
21 20 -357238.149313845
22 20 321600.845520711
23 20 -0.000003996
24 20 0.000010887
25 20 -0.000002888
26 20 -0.000000331
27 20 -0.000024739
28 20 -0.000005519
29 20 0.000001702
30 20 0.000025202
31 20 0.000001164
1 21 -0.000112765
2 21 -0.000001993
3 21 -0.000071246
4 21 -0.000009781
5 21 0.000068312
6 21 0.000013570
7 21 0.000000000
20 21 -357238.149313845
21 21 647660.339146805
22 21 -1049074.695210007
23 21 0.000007762
24 21 -0.000021150
25 21 0.000005611
26 21 0.000000644
27 21 0.000048060
28 21 0.000010721
29 21 -0.000003306
30 21 -0.000048959
31 21 -0.000002261
1 22 -0.000015864
2 22 -0.000000280
3 22 -0.000010023
4 22 -0.000001376
5 22 0.000009611
6 22 0.000001909
7 22 0.137476448
20 22 321600.845520711
21 22 -1049074.695210007
22 22 1726248.771451822
23 22 0.000001092
24 22 -0.000002976
25 22 0.000000789
26 22 0.000000091
27 22 0.000006761
28 22 0.000001508
29 22 -0.000000465
30 22 -0.000006888
31 22 -0.000000318
1 23 -0.000043221
2 23 -0.000000764
3 23 -0.000027308
4 23 -0.000003749
5 23 0.000026183
6 23 0.000005201
7 23 0.000000000
20 23 -0.000003996
21 23 0.000007762
22 23 0.000001092
23 23 357839.903348830
24 23 -52371.901992167
25 23 42113.937137665
26 23 0.000000247
27 23 0.000018421
28 23 0.000004109
29 23 -0.000001267
30 23 -0.000018765
31 23 -0.000000867
1 24 0.000117768
2 24 0.000002082
3 24 0.000074407
4 24 0.000010215
5 24 -0.000071343
6 24 -0.000014172
7 24 0.000000000
20 24 0.000010887
21 24 -0.000021150
22 24 -0.000002976
23 24 -52371.901992167
24 24 89910.130997573
25 24 -137819.890540968
26 24 -0.000000672
27 24 -0.000050192
28 24 -0.000011196
29 24 0.000003453
30 24 0.000051131
31 24 0.000002361
1 25 -0.000031241
2 25 -0.000000552
3 25 -0.000019738
4 25 -0.000002710
5 25 0.000018925
6 25 0.000003759
7 25 0.188017254
20 25 -0.000002888
21 25 0.000005611
22 25 0.000000789
23 25 42113.937137665
24 25 -137819.890540968
25 25 215708.989418681
26 25 0.000000178
27 25 0.000013315
28 25 0.000002970
29 25 -0.000000916
30 25 -0.000013563
31 25 -0.000000626
1 26 -0.000119888
2 26 0.000019805
3 26 -0.000015434
4 26 0.000004491
5 26 0.000046324
6 26 0.000024640
7 26 0.000000000
20 26 -0.000000331
21 26 0.000000644
22 26 0.000000091
23 26 0.000000247
24 26 -0.000000672
25 26 0.000000178
26 26 4177418.780206501
27 26 118584.951697555
28 26 1499175.506133555
29 26 -0.000009475
30 26 -0.000077316
31 26 -0.000022959
32 26 -0.000002817
33 26 -0.000029591
34 26 -0.000004304
35 26 0.000001065
36 26 0.000027576
37 26 0.000009929
1 27 -0.001393392
2 27 0.000187591
3 27 -0.000296545
4 27 0.000023268
5 27 0.000589501
6 27 0.000266534
7 27 0.000000000
20 27 -0.000024739
21 27 0.000048060
22 27 0.000006761
23 27 0.000018421
24 27 -0.000050192
25 27 0.000013315
26 27 118584.951697555
27 27 4076424.675923851
28 27 -3253336.720699468
29 27 -0.000098548
30 27 -0.000849519
31 27 -0.000226905
32 27 -0.000027265
33 27 -0.000286436
34 27 -0.000041659
35 27 0.000010307
36 27 0.000266927
37 27 0.000096110
1 28 -0.000494964
2 28 0.000073303
3 28 -0.000087000
4 28 0.000012793
5 28 0.000201406
6 28 0.000097784
7 28 0.081494098
20 28 -0.000005519
21 28 0.000010721
22 28 0.000001508
23 28 0.000004109
24 28 -0.000011196
25 28 0.000002970
26 28 1499175.506133555
27 28 -3253336.720699468
28 28 3205035.673037326
29 28 -0.000036819
30 28 -0.000309450
31 28 -0.000086852
32 28 -0.000010542
33 28 -0.000110746
34 28 -0.000016107
35 28 0.000003985
36 28 0.000103203
37 28 0.000037159
1 29 0.000161457
2 29 -0.000024112
3 29 0.000027829
4 29 -0.000004309
5 29 -0.000065459
6 29 -0.000031990
7 29 0.000000000
20 29 0.000001702
21 29 -0.000003306
22 29 -0.000000465
23 29 -0.000001267
24 29 0.000003453
25 29 -0.000000916
26 29 -0.000009475
27 29 -0.000098548
28 29 -0.000036819
29 29 57984277.794100240
30 29 -1368289.288068211
31 29 21305064.443531230
32 29 0.000003464
33 29 0.000036396
34 29 0.000005293
35 29 -0.000001310
36 29 -0.000033917
37 29 -0.000012212
1 30 0.001429164
2 30 -0.000192759
3 30 0.000303190
4 30 -0.000024104
5 30 -0.000604212
6 30 -0.000273540
7 30 0.000000000
20 30 0.000025202
21 30 -0.000048959
22 30 -0.000006888
23 30 -0.000018765
24 30 0.000051131
25 30 -0.000013563
26 30 -0.000077316
27 30 -0.000849519
28 30 -0.000309450
29 30 -1368289.288068211
30 30 56671899.991893023
31 30 -43170456.679457515
32 30 0.000028010
33 30 0.000294265
34 30 0.000042798
35 30 -0.000010589
36 30 -0.000274222
37 30 -0.000098736
1 31 0.000361984
2 31 -0.000059465
3 31 0.000047515
4 31 -0.000013333
5 31 -0.000140269
6 31 -0.000074241
7 31 0.117554173
20 31 0.000001164
21 31 -0.000002261
22 31 -0.000000318
23 31 -0.000000867
24 31 0.000002361
25 31 -0.000000626
26 31 -0.000022959
27 31 -0.000226905
28 31 -0.000086852
29 31 21305064.443531230
30 31 -43170456.679457515
31 31 39970488.869229488
32 31 0.000008462
33 31 0.000088897
34 31 0.000012929
35 31 -0.000003199
36 31 -0.000082842
37 31 -0.000029828
1 32 0.000043000
2 32 -0.000007346
3 32 0.000004869
4 32 -0.000001775
5 32 -0.000016324
6 32 -0.000008950
7 32 0.000000000
26 32 -0.000002817
27 32 -0.000027265
28 32 -0.000010542
29 32 0.000003464
30 32 0.000028010
31 32 0.000008462
32 32 35905019.445450164
33 32 928394.510176239
34 32 6733938.478674069
35 32 -0.000000394
36 32 -0.000010195
37 32 -0.000003671
1 33 0.000451744
2 33 -0.000077172
3 33 0.000051150
4 33 -0.000018651
5 33 -0.000171498
6 33 -0.000094030
7 33 0.000000000
26 33 -0.000029591
27 33 -0.000286436
28 33 -0.000110746
29 33 0.000036396
30 33 0.000294265
31 33 0.000088897
32 33 928394.510176239
33 33 12176540.956838561
34 33 -17622848.252209764
35 33 -0.000004136
36 33 -0.000107110
37 33 -0.000038566
1 34 0.000065702
2 34 -0.000011224
3 34 0.000007439
4 34 -0.000002713
5 34 -0.000024943
6 34 -0.000013676
7 34 0.103595145
26 34 -0.000004304
27 34 -0.000041659
28 34 -0.000016107
29 34 0.000005293
30 34 0.000042798
31 34 0.000012929
32 34 6733938.478674069
33 34 -17622848.252209764
34 34 27325983.842232671
35 34 -0.000000602
36 34 -0.000015578
37 34 -0.000005609
1 35 -0.000016256
2 35 0.000002777
3 35 -0.000001841
4 35 0.000000671
5 35 0.000006171
6 35 0.000003384
7 35 0.000000000
26 35 0.000001065
27 35 0.000010307
28 35 0.000003985
29 35 -0.000001310
30 35 -0.000010589
31 35 -0.000003199
32 35 -0.000000394
33 35 -0.000004136
34 35 -0.000000602
35 35 1102913.737120176
36 35 3290.779635027
37 35 213257.090349022
1 36 -0.000420975
2 36 0.000071916
3 36 -0.000047666
4 36 0.000017380
5 36 0.000159817
6 36 0.000087625
7 36 0.000000000
26 36 0.000027576
27 36 0.000266927
28 36 0.000103203
29 36 -0.000033917
30 36 -0.000274222
31 36 -0.000082842
32 36 -0.000010195
33 36 -0.000107110
34 36 -0.000015578
35 36 3290.779635027
36 36 391037.968604725
37 36 -536058.992307007
1 37 -0.000151577
2 37 0.000025894
3 37 -0.000017163
4 37 0.000006258
5 37 0.000057544
6 37 0.000031550
7 37 0.152127286
26 37 0.000009929
27 37 0.000096110
28 37 0.000037159
29 37 -0.000012212
30 37 -0.000098736
31 37 -0.000029828
32 37 -0.000003671
33 37 -0.000038566
34 37 -0.000005609
35 37 213257.090349022
36 37 -536058.992307007
37 37 777861.992938413
7 38 0.000000000
38 38 179581555.007153958
39 38 -32726207.952871583
40 38 27065111.901704855
7 39 0.000000000
38 39 -32726207.952871583
39 39 62309986.944396980
40 39 -82102010.056328565
7 40 0.114548110
38 40 27065111.901704855
39 40 -82102010.056328565
40 40 109768244.422046497
7 41 0.000000000
41 41 1359419.696500916
42 41 -264686.899782106
43 41 200862.537031573
7 42 0.000000000
41 42 -264686.899782106
42 42 481171.158967534
43 42 -599088.435508088
7 43 0.158454515
41 43 200862.537031573
42 43 -599088.435508088
43 43 759546.747918361
1 44 0.000128967
2 44 0.000070937
3 44 0.000248305
4 44 0.000062571
5 44 -0.000100765
6 44 -0.000003712
7 44 0.000000000
44 44 20402118.431124080
45 44 -3524846.643663782
46 44 2816441.793024858
47 44 -0.000065679
48 44 -0.000033335
49 44 -0.000027735
50 44 -0.000007056
51 44 -0.000135285
52 44 -0.000018909
53 44 0.000011004
54 44 0.000136469
55 44 0.000006371
1 45 0.000063940
2 45 0.000035169
3 45 0.000123105
4 45 0.000031022
5 45 -0.000049957
6 45 -0.000001840
7 45 0.000000000
44 45 -3524846.643663782
45 45 6277533.247528994
46 45 -8826915.483053425
47 45 -0.000032563
48 45 -0.000016527
49 45 -0.000013751
50 45 -0.000003498
51 45 -0.000067072
52 45 -0.000009375
53 45 0.000005456
54 45 0.000067659
55 45 0.000003158
1 46 0.000028149
2 46 0.000015483
3 46 0.000054195
4 46 0.000013657
5 46 -0.000021993
6 46 -0.000000810
7 46 0.121684212
44 46 2816441.793024858
45 46 -8826915.483053425
46 46 12660188.615013180
47 46 -0.000014335
48 46 -0.000007276
49 46 -0.000006054
50 46 -0.000001540
51 46 -0.000029527
52 46 -0.000004127
53 46 0.000002402
54 46 0.000029786
55 46 0.000001390
1 47 -0.000121654
2 47 -0.000066915
3 47 -0.000234225
4 47 -0.000059023
5 47 0.000095051
6 47 0.000003502
7 47 0.000000000
44 47 -0.000065679
45 47 -0.000032563
46 47 -0.000014335
47 47 853174.267008091
48 47 -156525.195418771
49 47 114849.575674177
50 47 0.000006656
51 47 0.000127613
52 47 0.000017837
53 47 -0.000010380
54 47 -0.000128731
55 47 -0.000006009
1 48 -0.000061745
2 48 -0.000033962
3 48 -0.000118880
4 48 -0.000029957
5 48 0.000048243
6 48 0.000001777
7 48 0.000000000
44 48 -0.000033335
45 48 -0.000016527
46 48 -0.000007276
47 48 -156525.195418771
48 48 267803.382832444
49 48 -356595.539216157
50 48 0.000003378
51 48 0.000064770
52 48 0.000009053
53 48 -0.000005268
54 48 -0.000065337
55 48 -0.000003050
1 49 -0.000051373
2 49 -0.000028257
3 49 -0.000098910
4 49 -0.000024925
5 49 0.000040138
6 49 0.000001479
7 49 0.167614103
44 49 -0.000027735
45 49 -0.000013751
46 49 -0.000006054
47 49 114849.575674177
48 49 -356595.539216157
49 49 486322.887964408
50 49 0.000002811
51 49 0.000053889
52 49 0.000007532
53 49 -0.000004383
54 49 -0.000054361
55 49 -0.000002538
1 50 -0.000013070
2 50 -0.000007189
3 50 -0.000025163
4 50 -0.000006341
5 50 0.000010212
6 50 0.000000376
7 50 0.000000000
44 50 -0.000007056
45 50 -0.000003498
46 50 -0.000001540
47 50 0.000006656
48 50 0.000003378
49 50 0.000002811
50 50 89583798.705453917
51 50 -14232702.028821971
52 50 13898539.111625940
53 50 -0.000001115
54 50 -0.000013830
55 50 -0.000000646
1 51 -0.000250581
2 51 -0.000137829
3 51 -0.000482450
4 51 -0.000121575
5 51 0.000195783
6 51 0.000007213
7 51 0.000000000
44 51 -0.000135285
45 51 -0.000067072
46 51 -0.000029527
47 51 0.000127613
48 51 0.000064770
49 51 0.000053889
50 51 -14232702.028821971
51 51 30684955.332334716
52 51 -41395405.645161815
53 51 -0.000021381
54 51 -0.000265157
55 51 -0.000012378
1 52 -0.000035024
2 52 -0.000019265
3 52 -0.000067433
4 52 -0.000016993
5 52 0.000027365
6 52 0.000001008
7 52 0.116050215
44 52 -0.000018909
45 52 -0.000009375
46 52 -0.000004127
47 52 0.000017837
48 52 0.000009053
49 52 0.000007532
50 52 13898539.111625940
51 52 -41395405.645161815
52 52 56183057.438950911
53 52 -0.000002988
54 52 -0.000037062
55 52 -0.000001730
1 53 0.000020383
2 53 0.000011211
3 53 0.000039243
4 53 0.000009889
5 53 -0.000015925
6 53 -0.000000587
7 53 0.000000000
44 53 0.000011004
45 53 0.000005456
46 53 0.000002402
47 53 -0.000010380
48 53 -0.000005268
49 53 -0.000004383
50 53 -0.000001115
51 53 -0.000021381
52 53 -0.000002988
53 53 1165890.170710533
54 53 -201339.465666112
55 53 178203.920121447
1 54 0.000252775
2 54 0.000139036
3 54 0.000486676
4 54 0.000122640
5 54 -0.000197498
6 54 -0.000007276
7 54 0.000000000
44 54 0.000136469
45 54 0.000067659
46 54 0.000029786
47 54 -0.000128731
48 54 -0.000065337
49 54 -0.000054361
50 54 -0.000013830
51 54 -0.000265157
52 54 -0.000037062
53 54 -201339.465666112
54 54 408151.733557060
55 54 -520429.958343675
1 55 0.000011800
2 55 0.000006490
3 55 0.000022719
4 55 0.000005725
5 55 -0.000009220
6 55 -0.000000340
7 55 0.160901107
44 55 0.000006371
45 55 0.000003158
46 55 0.000001390
47 55 -0.000006009
48 55 -0.000003050
49 55 -0.000002538
50 55 -0.000000646
51 55 -0.000012378
52 55 -0.000001730
53 55 178203.920121447
54 55 -520429.958343675
55 55 669375.781259131
1 56 0.000492636
2 56 -0.000038956
3 56 0.000202410
4 56 0.000057915
5 56 -0.000079043
6 56 -0.000156169
7 56 0.000000000
56 56 4177271.503180963
57 56 557400.514659981
58 56 584909.003464299
59 56 -0.000155370
60 56 -0.000067386
61 56 0.000032389
62 56 -0.000101035
63 56 -0.000166108
64 56 -0.000111643
65 56 0.000104614
66 56 0.000185786
67 56 0.000099505
1 57 0.000269840
2 57 -0.000021338
3 57 0.000110869
4 57 0.000031723
5 57 -0.000043296
6 57 -0.000085541
7 57 0.000000000
56 57 557400.514659981
57 57 864922.871020315
58 57 -1588142.449601457
59 57 -0.000085104
60 57 -0.000036910
61 57 0.000017741
62 57 -0.000055342
63 57 -0.000090985
64 57 -0.000061152
65 57 0.000057302
66 57 0.000101764
67 57 0.000054504
1 58 -0.000138001
2 58 0.000010913
3 58 -0.000056701
4 58 -0.000016224
5 58 0.000022142
6 58 0.000043747
7 58 0.124460991
56 58 584909.003464299
57 58 -1588142.449601457
58 58 3593642.567611629
59 58 0.000043524
60 58 0.000018877
61 58 -0.000009073
62 58 0.000028303
63 58 0.000046531
64 58 0.000031274
65 58 -0.000029305
66 58 -0.000052044
67 58 -0.000027874
1 59 -0.000481543
2 59 0.000038079
3 59 -0.000197852
4 59 -0.000056611
5 59 0.000077263
6 59 0.000152652
7 59 0.000000000
56 59 -0.000155370
57 59 -0.000085104
58 59 0.000043524
59 59 260229.029719101
60 59 29964.497123379
61 59 38566.563214590
62 59 0.000098760
63 59 0.000162367
64 59 0.000109129
65 59 -0.000102259
66 59 -0.000181602
67 59 -0.000097264
1 60 -0.000208851
2 60 0.000016515
3 60 -0.000085811
4 60 -0.000024553
5 60 0.000033510
6 60 0.000066207
7 60 0.000000000
56 60 -0.000067386
57 60 -0.000036910
58 60 0.000018877
59 60 29964.497123379
60 60 57958.965095576
61 60 -101483.861296071
62 60 0.000042833
63 60 0.000070420
64 60 0.000047330
65 60 -0.000044351
66 60 -0.000078763
67 60 -0.000042185
1 61 0.000100383
2 61 -0.000007938
3 61 0.000041244
4 61 0.000011801
5 61 -0.000016106
6 61 -0.000031822
7 61 0.170333281
56 61 0.000032389
57 61 0.000017741
58 61 -0.000009073
59 61 38566.563214590
60 61 -101483.861296071
61 61 211555.459210859
62 61 -0.000020588
63 61 -0.000033847
64 61 -0.000022749
65 61 0.000021317
66 61 0.000037857
67 61 0.000020276
1 62 -0.000313140
2 62 0.000024762
3 62 -0.000128660
4 62 -0.000036813
5 62 0.000050243
6 62 0.000099267
7 62 0.000000000
56 62 -0.000101035
57 62 -0.000055342
58 62 0.000028303
59 62 0.000098760
60 62 0.000042833
61 62 -0.000020588
62 62 1097824.014397788
63 62 -34242.216882617
64 62 101564.603191285
65 62 -0.000066497
66 62 -0.000118093
67 62 -0.000063250
1 63 -0.000514821
2 63 0.000040710
3 63 -0.000211525
4 63 -0.000060523
5 63 0.000082603
6 63 0.000163202
7 63 0.000000000
56 63 -0.000166108
57 63 -0.000090985
58 63 0.000046531
59 63 0.000162367
60 63 0.000070420
61 63 -0.000033847
62 63 -34242.216882617
63 63 154912.253298518
64 63 -354780.856535173
65 63 -0.000109325
66 63 -0.000194152
67 63 -0.000103986
1 64 -0.000346017
2 64 0.000027362
3 64 -0.000142168
4 64 -0.000040678
5 64 0.000055518
6 64 0.000109690
7 64 0.139891610
56 64 -0.000111643
57 64 -0.000061152
58 64 0.000031274
59 64 0.000109129
60 64 0.000047330
61 64 -0.000022749
62 64 101564.603191285
63 64 -354780.856535173
64 64 813012.553681578
65 64 -0.000073479
66 64 -0.000130492
67 64 -0.000069890
1 65 0.000324233
2 65 -0.000025639
3 65 0.000133218
4 65 0.000038117
5 65 -0.000052023
6 65 -0.000102784
7 65 0.000000000
56 65 0.000104614
57 65 0.000057302
58 65 -0.000029305
59 65 -0.000102259
60 65 -0.000044351
61 65 0.000021317
62 65 -0.000066497
63 65 -0.000109325
64 65 -0.000073479
65 65 172253.412354142
66 65 -7068.995259249
67 65 15912.374189757
1 66 0.000575810
2 66 -0.000045533
3 66 0.000236583
4 66 0.000067693
5 66 -0.000092389
6 66 -0.000182536
7 66 0.000000000
56 66 0.000185786
57 66 0.000101764
58 66 -0.000052044
59 66 -0.000181602
60 66 -0.000078763
61 66 0.000037857
62 66 -0.000118093
63 66 -0.000194152
64 66 -0.000130492
65 66 -7068.995259249
66 66 26187.470253304
67 66 -56045.163252810
1 67 0.000308398
2 67 -0.000024387
3 67 0.000126712
4 67 0.000036256
5 67 -0.000049482
6 67 -0.000097764
7 67 0.190182205
56 67 0.000099505
57 67 0.000054504
58 67 -0.000027874
59 67 -0.000097264
60 67 -0.000042185
61 67 0.000020276
62 67 -0.000063250
63 67 -0.000103986
64 67 -0.000069890
65 67 15912.374189757
66 67 -56045.163252810
67 67 119949.058748280
7 68 0.000000000
68 68 12769043.897187915
69 68 2548111.596415682
70 68 1886672.937159967
7 69 0.000000000
68 69 2548111.596415682
69 69 2896759.007792168
70 69 -4842618.209013660
7 70 0.117848483
68 70 1886672.937159967
69 70 -4842618.209013660
70 70 11684123.058580233
7 71 0.000000000
71 71 322924.771034053
72 71 57782.013655575
73 71 51592.911021478
7 72 0.000000000
71 72 57782.013655575
72 72 79104.330917048
73 72 -127523.904148142
7 73 0.159969740
71 73 51592.911021478
72 73 -127523.904148142
73 73 280213.466903388
7 74 0.000000000
74 74 55115002.528411202
75 74 14454682.343645636
76 74 30496921.705911990
7 75 0.000000000
74 75 14454682.343645636
75 75 107969452.051351219
76 75 -56107101.591018707
7 76 0.103397330
74 76 30496921.705911990
75 76 -56107101.591018707
76 76 56321610.270285763
7 77 0.000000000
77 77 2423196.936216381
78 77 432477.808386475
79 77 1386491.762845997
7 78 0.000000000
77 78 432477.808386475
78 78 4632200.730863061
79 78 -2334256.651681338
7 79 0.144912735
77 79 1386491.762845997
78 79 -2334256.651681338
79 79 2256587.187451336
7 80 0.000000000
80 80 20011.406535256
81 80 5492.145106889
82 80 -1361.881355156
7 81 0.000000000
80 81 5492.145106889
81 81 1720.374065727
82 81 1789.989140985
7 82 0.152464495
80 82 -1361.881355156
81 82 1789.989140985
82 82 22072.068056307
7 83 0.000000000
83 83 2303.892686097
84 83 629.686583859
85 83 -161.003158882
7 84 0.000000000
83 84 629.686583859
84 84 185.833591485
85 84 141.363815567
7 85 0.203430832
83 85 -161.003158882
84 85 141.363815567
85 85 2520.836346998
7 86 0.000000000
86 86 2214108.307383522
87 86 -187190.516345304
88 86 210445.702007248
7 87 0.000000000
86 87 -187190.516345304
87 87 365170.524516616
88 87 -747795.488818683
7 88 0.134002685
86 88 210445.702007248
87 88 -747795.488818683
88 88 1545445.038308162
7 89 0.000000000
89 89 191456.652520063
90 89 -18080.859184216
91 89 17991.545142715
7 90 0.000000000
89 90 -18080.859184216
90 90 33803.275086996
91 90 -64550.544047531
7 91 0.181902561
89 91 17991.545142715
90 91 -64550.544047531
91 91 124769.728364353
7 92 0.000000000
92 92 3452387.682213594
93 92 2037588.611570304
94 92 1299431.177995432
7 93 0.000000000
92 93 2037588.611570304
93 93 3705338.830922496
94 93 -2331139.115216623
7 94 0.126594199
92 94 1299431.177995432
93 94 -2331139.115216623
94 94 4324042.832037529
7 95 0.000000000
95 95 96098.874973486
96 95 52361.004488031
97 95 39451.919284527
7 96 0.000000000
95 96 52361.004488031
96 96 104625.939242748
97 96 -65517.174929102
7 97 0.193537530
95 97 39451.919284527
96 97 -65517.174929102
97 97 115692.925559309
7 98 0.000000000
98 98 1786651.580236505
99 98 1137718.169900163
100 98 691507.004322717
7 99 0.000000000
98 99 1137718.169900163
99 99 2051999.857290823
100 99 -1210891.754516380
7 100 0.132047258
98 100 691507.004322717
99 100 -1210891.754516380
100 100 2321537.806291477
7 101 0.000000000
101 101 128672.204226220
102 101 75941.419965570
103 101 54511.704621672
7 102 0.000000000
101 102 75941.419965570
102 102 149821.115875670
103 102 -88247.242408023
7 103 0.193481905
101 103 54511.704621672
102 103 -88247.242408023
103 103 161196.394903324
7 104 0.000000000
104 104 2554482.054042485
105 104 211804.064153134
106 104 232403.868288083
7 105 0.000000000
104 105 211804.064153134
105 105 303631.100165676
106 105 -757750.523331319
7 106 0.125461597
104 106 232403.868288083
105 106 -757750.523331319
106 106 2131682.253019940
7 107 0.000000000
107 107 187546.119776465
108 107 13182.326691427
109 107 18061.530975253
7 108 0.000000000
107 108 13182.326691427
108 108 25030.563337325
109 108 -58189.944956742
7 109 0.170828433
107 109 18061.530975253
108 109 -58189.944956742
109 109 148413.664255829
7 110 0.000000000
110 110 8068178.968632098
111 110 997699.370721017
112 110 2584056.190435481
7 111 0.000000000
110 111 997699.370721017
111 111 6170697.135432307
112 111 -5655391.596864974
7 112 0.093143337
110 112 2584056.190435481
111 112 -5655391.596864974
112 112 6731023.240445985
7 113 0.000000000
113 113 4477721.291048429
114 113 363566.096033159
115 113 1495566.965639618
7 114 0.000000000
113 114 363566.096033159
114 114 3488794.497577904
115 114 -3062315.783135234
7 115 0.134114575
113 115 1495566.965639618
114 115 -3062315.783135234
115 115 3429687.753816421
7 116 0.000000000
116 116 5327723.691457311
117 116 672033.847396536
118 116 1862489.050168410
7 117 0.000000000
116 117 672033.847396536
117 117 4737377.402511219
118 117 -3983438.504849510
7 118 0.088178809
116 118 1862489.050168410
117 118 -3983438.504849510
118 118 4475759.782690485
7 119 0.000000000
119 119 9512556.990610197
120 119 703516.023181522
121 119 3453674.119467738
7 120 0.000000000
119 120 703516.023181522
120 120 8556015.682106575
121 120 -6898388.342051220
7 121 0.127120534
119 121 3453674.119467738
120 121 -6898388.342051220
121 121 7271908.952515157
7 122 0.000000000
122 122 4910097.024903324
123 122 963497.207452228
124 122 2141841.235230592
7 123 0.000000000
122 123 963497.207452228
123 123 6324770.096574149
124 123 -4258342.643633081
7 124 0.086835873
122 124 2141841.235230592
123 124 -4258342.643633081
124 124 4501871.494987329
7 125 0.000000000
125 125 14993690.533457857
126 125 1912221.742984848
127 125 6805008.087744128
7 126 0.000000000
125 126 1912221.742984848
126 126 19303886.598770007
127 126 -12513933.698636500
7 127 0.123651433
125 127 6805008.087744128
126 127 -12513933.698636500
127 127 12483721.378330449
7 128 0.000000000
128 128 5484497.791172911
129 128 1314613.291502104
130 128 2636263.458497203
7 129 0.000000000
128 129 1314613.291502104
129 129 8339759.080706283
130 129 -5063450.360979361
7 130 0.088341471
128 130 2636263.458497203
129 130 -5063450.360979361
130 130 5309361.998323537
7 131 0.000000000
131 131 11352148.985518839
132 131 1862312.999605281
133 131 5687098.171984276
7 132 0.000000000
131 132 1862312.999605281
132 132 17172607.033921916
133 132 -10054408.431654140
7 133 0.125553762
131 133 5687098.171984276
132 133 -10054408.431654140
133 133 10006342.675726740
7 134 0.000000000
134 134 18208772.969899774
135 134 5276192.637314737
136 134 9359613.378869943
7 135 0.000000000
134 135 5276192.637314737
135 135 31031346.272866402
136 135 -17479689.967383649
7 136 0.098717884
134 136 9359613.378869943
135 136 -17479689.967383649
136 136 18630377.519150652
7 137 0.000000000
137 137 7099556.734617013
138 137 1463350.668872482
139 137 3802846.437580863
7 138 0.000000000
137 138 1463350.668872482
138 138 11953125.387990804
139 138 -6524149.346910485
7 139 0.129246587
137 139 3802846.437580863
138 139 -6524149.346910485
139 139 6620650.882711612
7 140 0.000000000
140 140 25273289.653093129
141 140 8103136.540297581
142 140 13431661.792491818
7 141 0.000000000
140 141 8103136.540297581
141 141 45606594.531058587
142 141 -24705357.628136884
7 142 0.100711810
140 142 13431661.792491818
141 142 -24705357.628136884
142 142 26708543.739217103
7 143 0.000000000
143 143 2567268.786845244
144 143 600596.201968267
145 143 1424697.370094830
7 144 0.000000000
143 144 600596.201968267
144 144 4574264.434683586
145 144 -2402933.286457487
7 145 0.141779640
143 145 1424697.370094830
144 145 -2402933.286457487
145 145 2479258.669377127
7 146 0.000000000
146 146 9374980.039941810
147 146 565523.391720041
148 146 1352748.974574514
7 147 0.000000000
146 147 565523.391720041
147 147 2089802.463529214
148 147 -3788786.919573376
7 148 0.121427441
146 148 1352748.974574514
147 148 -3788786.919573376
148 148 7482243.092336688
7 149 0.000000000
149 149 412900.430381151
150 149 17738.442528311
151 149 62140.626324520
7 150 0.000000000
149 150 17738.442528311
150 150 98813.937556326
151 150 -168775.394578102
7 151 0.165730825
149 151 62140.626324520
150 151 -168775.394578102
151 151 309126.064499473
7 152 0.000000000
152 152 8637770.019859210
153 152 820220.723671718
154 152 1486649.285730581
7 153 0.000000000
152 153 820220.723671718
153 153 2443402.976196115
154 153 -3876919.441037715
7 154 0.122484593
152 154 1486649.285730581
153 154 -3876919.441037715
154 154 7081027.459573378
7 155 0.000000000
155 155 438299.723482912
156 155 32401.655317434
157 155 79105.437539491
7 156 0.000000000
155 156 32401.655317434
156 156 131574.744427897
157 156 -198199.553936955
7 157 0.166681018
155 157 79105.437539491
156 157 -198199.553936955
157 157 336583.929858237
7 158 0.000000000
158 158 6855687.759917204
159 158 782438.844254454
160 158 1093557.554042592
7 159 0.000000000
158 159 782438.844254454
159 159 1717692.697641138
160 159 -2888223.486212452
7 160 0.122851613
158 160 1093557.554042592
159 160 -2888223.486212452
160 160 5749474.673916571
7 161 0.000000000
161 161 376090.799684021
162 161 35498.083036923
163 161 62893.845884846
7 162 0.000000000
161 162 35498.083036923
162 162 99910.008096391
163 162 -160311.847377503
7 163 0.166234312
161 163 62893.845884846
162 163 -160311.847377503
163 163 296750.651714559
7 164 0.000000000
164 164 7584986.286660728
165 164 -129656.755368347
166 164 1352366.758506475
7 165 0.000000000
164 165 -129656.755368347
165 165 2496034.192302878
166 165 -3654713.731391384
7 166 0.094731344
164 166 1352366.758506475
165 166 -3654713.731391384
166 166 5529595.777782798
7 167 0.000000000
167 167 3231680.050299252
168 167 -128122.058104368
169 167 594892.742589559
7 168 0.000000000
167 168 -128122.058104368
168 168 1128085.982324983
169 168 -1545396.622812638
7 169 0.135626542
167 169 594892.742589559
168 169 -1545396.622812638
169 169 2171750.735239392
7 170 0.000000000
170 170 3793889.530343350
171 170 734298.905872724
172 170 451636.652725830
7 171 0.000000000
170 171 734298.905872724
171 171 651065.956814738
172 171 -1234590.675590509
7 172 0.122124155
170 172 451636.652725830
171 172 -1234590.675590509
172 172 3487726.592191838
7 173 0.000000000
173 173 168956.703505875
174 173 29929.046166306
175 173 21687.547608378
7 174 0.000000000
173 174 29929.046166306
174 174 31372.238068948
175 174 -57715.483791210
7 175 0.170156420
173 175 21687.547608378
174 175 -57715.483791210
175 175 148131.517930931
7 176 0.000000000
176 176 132846560.385742962
177 176 30745653.390472800
178 176 37608226.507227913
7 177 0.000000000
176 177 30745653.390472800
177 177 80548827.402633876
178 177 -81877865.621708870
7 178 0.107142106
176 178 37608226.507227913
177 178 -81877865.621708870
178 178 122381893.179751411
7 179 0.000000000
179 179 1128142.676966422
180 179 217812.003331603
181 179 339075.464596774
7 180 0.000000000
179 180 217812.003331603
180 180 705932.230156685
181 180 -693456.224896909
7 181 0.148998494
179 181 339075.464596774
180 181 -693456.224896909
181 181 969484.602269928
7 182 0.000000000
182 182 246134820.030147284
183 182 66368760.321917027
184 182 76160887.868505493
7 183 0.000000000
182 183 66368760.321917027
183 183 173020951.910866410
184 183 -160502652.703825474
7 184 0.108037219
182 184 76160887.868505493
183 184 -160502652.703825474
184 184 234848184.214089513
7 185 0.000000000
185 185 999202.921018427
186 185 226288.910422999
187 185 328470.236204964
7 186 0.000000000
185 186 226288.910422999
186 186 719627.101104382
187 186 -648238.594032428
7 187 0.151572128
185 187 328470.236204964
186 187 -648238.594032428
187 187 889256.352720430
7 188 0.000000000
188 188 38865257.091902941
189 188 11465143.046630045
190 188 7234172.227304898
7 189 0.000000000
188 189 11465143.046630045
189 189 12842525.193559263
190 189 -16603974.177036673
7 190 0.114754984
188 190 7234172.227304898
189 190 -16603974.177036673
190 190 38460837.333054215
7 191 0.000000000
191 191 315853.049802753
192 191 85739.038040601
193 191 63986.735405748
7 192 0.000000000
191 192 85739.038040601
192 192 110125.106020272
193 192 -139969.532832175
7 193 0.160080821
191 193 63986.735405748
192 193 -139969.532832175
193 193 297997.194539368
7 194 0.000000000
194 194 1176515.366733521
195 194 396851.423794536
196 194 173844.878919306
7 195 0.000000000
194 195 396851.423794536
195 195 311861.684268451
196 195 -403082.653779744
7 196 0.129043183
194 196 173844.878919306
195 196 -403082.653779744
196 196 1223375.419390449
7 197 0.000000000
197 197 85733.098601713
198 197 27224.167716221
199 197 13898.700592968
7 198 0.000000000
197 198 27224.167716221
198 198 23728.519789274
199 198 -31081.884962457
7 199 0.184929348
197 199 13898.700592968
198 199 -31081.884962457
199 199 85782.678202057
7 200 0.000000000
200 200 701633.648739306
201 200 374011.018204477
202 200 177721.271670542
7 201 0.000000000
200 201 374011.018204477
201 201 433346.584465717
202 201 -337325.350715654
7 202 0.138072898
200 202 177721.271670542
201 202 -337325.350715654
202 202 842857.748336547
7 203 0.000000000
203 203 77898.110119583
204 203 39194.158567152
205 203 21719.285715583
7 204 0.000000000
203 204 39194.158567152
204 204 49049.889171815
205 204 -38842.572416438
7 205 0.197905771
203 205 21719.285715583
204 205 -38842.572416438
205 205 90513.914690051
7 206 0.000000000
206 206 181721.061218831
207 206 117362.844501423
208 206 45425.172905902
7 207 0.000000000
206 207 117362.844501423
207 207 127605.950379174
208 207 -79305.678187135
7 208 0.155411945
206 208 45425.172905902
207 208 -79305.678187135
208 208 239182.464973056
7 209 0.000000000
209 209 39134.956331433
210 209 24300.619156285
211 209 10933.168593666
7 210 0.000000000
209 210 24300.619156285
210 210 28015.896165239
211 210 -17967.255061087
7 211 0.213073093
209 211 10933.168593666
210 211 -17967.255061087
211 211 50466.123566662
7 212 0.000000000
212 212 2837683505.939898968
213 212 419044401.113337398
214 212 653707421.774282336
7 213 0.000000000
212 213 419044401.113337398
213 213 1241921204.074594021
214 213 -1541118438.057467222
7 214 0.111293038
212 214 653707421.774282336
213 214 -1541118438.057467222
214 214 2423315360.158514023
7 215 0.000000000
215 215 1158855.239022058
216 215 136492.570439385
217 215 280997.452493262
7 216 0.000000000
215 216 136492.570439385
216 216 528041.792950632
217 216 -628257.465044031
7 217 0.148215591
215 217 280997.452493262
216 217 -628257.465044031
217 217 922469.324061461
7 218 0.000000000
218 218 588533323.246605396
219 218 153881192.274891973
220 218 147119704.523529410
7 219 0.000000000
218 219 153881192.274891973
219 219 293057205.142362893
220 219 -324704089.650364995
7 220 0.109136764
218 220 147119704.523529410
219 220 -324704089.650364995
220 220 558458765.959137082
7 221 0.000000000
221 221 765482.887286373
222 221 174858.471807942
223 221 205412.526176151
7 222 0.000000000
221 222 174858.471807942
222 222 398117.324530736
223 222 -427372.787967643
7 223 0.151852881
221 223 205412.526176151
222 223 -427372.787967643
223 223 683182.987036039
7 224 0.000000000
224 224 1261086.648581096
225 224 730020.871652329
226 224 424656.365871098
7 225 0.000000000
224 225 730020.871652329
225 225 1152817.749266311
226 225 -772556.796526939
7 226 0.135181061
224 226 424656.365871098
225 226 -772556.796526939
226 226 1563257.435251827
7 227 0.000000000
227 227 138013.009112226
228 227 74252.062902110
229 227 51055.041176431
7 228 0.000000000
227 228 74252.062902110
228 228 128863.629675085
229 228 -86396.866112824
7 229 0.188334816
227 229 51055.041176431
228 229 -86396.866112824
229 229 164702.011581375
7 230 0.000000000
230 230 814591.992072649
231 230 509996.583239764
232 230 251607.883562986
7 231 0.000000000
230 231 509996.583239764
231 231 695890.445008269
232 231 -447253.718636925
7 232 0.137217341
230 232 251607.883562986
231 232 -447253.718636925
232 232 1048943.145193813
7 233 0.000000000
233 233 90887.295556543
234 233 53855.335523451
235 233 31097.229874673
7 234 0.000000000
233 234 53855.335523451
234 234 79399.267188364
235 234 -51535.438259172
7 235 0.194155794
233 235 31097.229874673
234 235 -51535.438259172
235 235 113714.190844163
7 236 0.000000000
236 236 1009882862.332737923
237 236 347752676.338676155
238 236 287709178.248557210
7 237 0.000000000
236 237 347752676.338676155
237 237 631799601.772956848
238 237 -597657850.098057508
7 238 0.111618958
236 238 287709178.248557210
237 238 -597657850.098057508
238 238 1029983552.112791300
7 239 0.000000000
239 239 563823.112974428
240 239 173123.368147794
241 239 172926.875046168
7 240 0.000000000
239 240 173123.368147794
240 240 363462.236286339
241 240 -336959.091842683
7 241 0.157168248
239 241 172926.875046168
240 241 -336959.091842683
241 241 543344.318093982
7 242 0.000000000
242 242 123536643.399451748
243 242 45225523.557541266
244 242 33905402.438374259
7 243 0.000000000
242 243 45225523.557541266
243 243 73753202.345540375
244 243 -70155401.792359054
7 244 0.113409813
242 244 33905402.438374259
243 244 -70155401.792359054
244 244 128498774.778411239
7 245 0.000000000
245 245 457234.531345964
246 245 151462.927641827
247 245 135865.727000986
7 246 0.000000000
245 246 151462.927641827
246 246 282320.162400005
247 246 -263862.052281585
7 247 0.159462725
245 247 135865.727000986
246 247 -263862.052281585
247 247 451318.838684080
7 248 0.000000000
248 248 8552375.988082195
249 248 -202586.674995182
250 248 925400.262592732
7 249 0.000000000
248 249 -202586.674995182
249 249 1436827.001765811
250 249 -3010917.990339575
7 250 0.121835394
248 250 925400.262592732
249 250 -3010917.990339575
250 250 6338909.578387281
7 251 0.000000000
251 251 413466.988172270
252 251 -15256.974749875
253 251 45514.115136748
7 252 0.000000000
251 252 -15256.974749875
252 252 75375.076091894
253 252 -146850.150844732
7 253 0.165564186
251 253 45514.115136748
252 253 -146850.150844732
253 253 286709.866685144
7 254 0.000000000
254 254 5581516.500104223
255 254 -203947.429444765
256 254 1013270.521729712
7 255 0.000000000
254 255 -203947.429444765
255 255 1932244.565524628
256 255 -2740994.579758071
7 256 0.091272353
254 256 1013270.521729712
255 256 -2740994.579758071
256 256 3982516.896850190
7 257 0.000000000
257 257 4143617.634064366
258 257 -244224.275171902
259 257 775269.602196294
7 258 0.000000000
257 258 -244224.275171902
258 258 1519626.566279547
259 258 -2013763.771913338
7 259 0.129527631
257 259 775269.602196294
258 259 -2013763.771913338
259 259 2718275.790971620
7 260 0.000000000
260 260 5823034.679927728
261 260 1753915.097908375
262 260 2408693.123451645
7 261 0.000000000
260 261 1753915.097908375
261 261 6719854.969116772
262 261 -4727724.069909513
7 262 0.091800580
260 262 2408693.123451645
261 262 -4727724.069909513
262 262 5799289.061318298
7 263 0.000000000
263 263 3808154.271442159
264 263 910824.588001809
265 263 1664546.718289507
7 264 0.000000000
263 264 910824.588001809
264 264 4436472.276369358
265 264 -3023979.746239604
7 265 0.133834890
263 265 1664546.718289507
264 265 -3023979.746239604
265 265 3503546.520162632
7 266 0.000000000
266 266 36805947.726919033
267 266 5066003.845566714
268 266 10245601.110525528
7 267 0.000000000
266 267 5066003.845566714
267 267 22063338.923443988
268 267 -23130453.791508593
7 268 0.103194589
266 268 10245601.110525528
267 268 -23130453.791508593
268 268 31039026.297873363
7 269 0.000000000
269 269 1789753.266812338
270 269 181802.229553240
271 269 521438.102556688
7 270 0.000000000
269 270 181802.229553240
270 270 1101629.817477350
271 270 -1107932.617602541
7 271 0.144913611
269 271 521438.102556688
270 271 -1107932.617602541
271 271 1396136.058590836
7 272 0.000000000
272 272 19599593.421892092
273 272 13628852.283952907
274 272 11187892.874551775
7 273 0.000000000
272 273 13628852.283952907
273 273 41562631.926495880
274 273 -18332288.114815257
7 274 0.102666115
272 274 11187892.874551775
273 274 -18332288.114815257
274 274 27636750.885430891
7 275 0.000000000
275 275 717406.867448504
276 275 435294.273143863
277 275 443193.450271131
7 276 0.000000000
275 276 435294.273143863
276 276 1525100.721392690
277 276 -661564.259419186
7 277 0.152467651
275 277 443193.450271131
276 277 -661564.259419186
277 277 960390.040678662
7 278 0.000000000
278 278 199144983.667082042
279 278 154667258.648311019
280 278 124727540.797961384
7 279 0.000000000
278 279 154667258.648311019
279 279 502367952.226834059
280 279 -195976421.379540622
7 280 0.108159691
278 280 124727540.797961384
279 280 -195976421.379540622
280 280 302475875.783633649
7 281 0.000000000
281 281 594248.438417728
282 281 401455.259715829
283 281 403334.339721707
7 282 0.000000000
281 282 401455.259715829
282 282 1497937.589629231
283 282 -574798.958579926
7 283 0.155209474
281 283 403334.339721707
282 283 -574798.958579926
283 283 858955.783919794
7 284 0.000000000
284 284 700717.230721411
285 284 491575.910657292
286 284 249109.192813797
7 285 0.000000000
284 285 491575.910657292
285 285 756771.838804084
286 285 -422751.381995696
7 286 0.139983966
284 286 249109.192813797
285 286 -422751.381995696
286 286 955285.944617916
7 287 0.000000000
287 287 89266.791055429
288 287 58910.981219399
289 287 35176.815095722
7 288 0.000000000
287 288 58910.981219399
288 288 98078.443317048
289 288 -55395.695624658
7 289 0.196673062
287 289 35176.815095722
288 289 -55395.695624658
289 289 118246.175550551
7 290 0.000000000
290 290 502747.285516690
291 290 376061.196175232
292 290 171434.573555055
7 291 0.000000000
290 291 376061.196175232
291 291 540188.021887654
292 291 -282430.859541934
7 292 0.142019999
290 292 171434.573555055
291 292 -282430.859541934
292 292 709881.593786608
7 293 0.000000000
293 293 61586.846648562
294 293 43957.488055049
295 293 23472.330507292
7 294 0.000000000
293 294 43957.488055049
294 294 67654.055954239
295 294 -35856.665240489
7 295 0.204452151
293 295 23472.330507292
294 295 -35856.665240489
295 295 85237.544818588
7 296 0.000000000
296 296 562573.675636934
297 296 434373.540813045
298 296 217166.432965070
7 297 0.000000000
296 297 434373.540813045
297 297 710719.999717173
298 297 -353981.992407944
7 298 0.142832590
296 298 217166.432965070
297 298 -353981.992407944
298 298 808867.673993641
7 299 0.000000000
299 299 64858.379519006
300 299 47399.009328687
301 299 27800.330630528
7 300 0.000000000
299 300 47399.009328687
300 300 83332.642382888
301 300 -41807.129715077
7 301 0.209150715
299 301 27800.330630528
300 301 -41807.129715077
301 301 91175.455385093
7 302 0.000000000
302 302 384731.272824822
303 302 13049.778959737
304 302 17361.011849901
7 303 0.000000000
302 303 13049.778959737
303 303 22852.363373318
304 303 -83047.337593501
7 304 0.140570419
302 304 17361.011849901
303 304 -83047.337593501
304 304 312926.001163762
7 305 0.000000000
305 305 49207.715865741
306 305 1231.682361745
307 305 2234.279359533
7 306 0.000000000
305 306 1231.682361745
306 306 3400.106074375
307 306 -11259.198543937
7 307 0.188913203
305 307 2234.279359533
306 307 -11259.198543937
307 307 38101.830023301
7 308 0.000000000
308 308 304105.175838869
309 308 36426.371714511
310 308 17700.960787525
7 309 0.000000000
308 309 36426.371714511
309 309 22653.911478762
310 309 -67717.809225476
7 310 0.141182494
308 310 17700.960787525
309 310 -67717.809225476
310 310 267688.919658249
7 311 0.000000000
311 311 54198.497053522
312 311 6057.486163036
313 311 3371.019865243
7 312 0.000000000
311 312 6057.486163036
312 312 4603.839895081
313 312 -13000.178303267
7 313 0.191936116
311 313 3371.019865243
312 313 -13000.178303267
313 313 45779.470862858
7 314 0.000000000
314 314 112113427.034816027
315 314 43821693.772825748
316 314 36140218.462286390
7 315 0.000000000
314 315 43821693.772825748
315 315 86433564.096361950
316 315 -72136581.546366811
7 316 0.113816058
314 316 36140218.462286390
315 316 -72136581.546366811
316 316 119019533.894416228
7 317 0.000000000
317 317 520784.647057839
318 317 181851.144639457
319 317 180731.697374997
7 318 0.000000000
317 318 181851.144639457
318 318 410656.619192444
319 318 -336628.382243827
7 319 0.160021478
317 319 180731.697374997
318 319 -336628.382243827
319 319 523003.261565061
7 320 0.000000000
320 320 476879437.300287545
321 320 196396178.814920038
322 320 166897638.640296906
7 321 0.000000000
320 321 196396178.814920038
321 321 421505631.494838953
322 321 -326079311.403550029
7 322 0.112188145
320 322 166897638.640296906
321 322 -326079311.403550029
322 322 516037125.773272574
7 323 0.000000000
323 323 475904.782898317
324 323 173481.684141378
325 323 178894.868611808
7 324 0.000000000
323 324 173481.684141378
324 324 427513.504062742
325 324 -325361.164598738
7 325 0.163881862
323 325 178894.868611808
324 325 -325361.164598738
325 325 486019.698993019
7 326 0.000000000
326 326 65881353.500432350
327 326 26698715.739306904
328 326 19773384.757003654
7 327 0.000000000
326 327 26698715.739306904
327 327 45830112.474723838
328 327 -39643523.189587556
7 328 0.114508312
326 328 19773384.757003654
327 328 -39643523.189587556
328 328 70806074.705150604
7 329 0.000000000
329 329 419709.857707108
330 329 153550.377618775
331 329 136450.630001409
7 330 0.000000000
329 330 153550.377618775
330 330 300150.290847312
331 330 -256002.737977334
7 331 0.162148182
329 331 136450.630001409
330 331 -256002.737977334
331 331 427963.159457869
7 332 0.000000000
332 332 27535165.066856682
333 332 12233931.541774180
334 332 8951139.548697866
7 333 0.000000000
332 333 12233931.541774180
333 333 22008853.789673533
334 333 -17439251.613287095
7 334 0.116705569
332 334 8951139.548697866
333 334 -17439251.613287095
334 334 30584259.909164980
7 335 0.000000000
335 335 221799.645311400
336 335 89416.578409940
337 335 77568.902134129
7 336 0.000000000
335 336 89416.578409940
336 336 179428.059904756
337 336 -141086.525186175
7 337 0.181675254
335 337 77568.902134129
336 337 -141086.525186175
337 337 234319.225603242
7 338 0.000000000
338 338 3126011.580534118
339 338 -370149.382534200
340 338 405563.662867828
7 339 0.000000000
338 339 -370149.382534200
339 339 795053.189361385
340 339 -1279138.293405028
7 340 0.135383667
338 340 405563.662867828
339 340 -1279138.293405028
340 340 2070185.934728509
7 341 0.000000000
341 341 263207.833471966
342 341 -34182.458974097
343 341 33623.729766528
7 342 0.000000000
341 342 -34182.458974097
342 342 69186.763379366
343 342 -105193.904890397
7 343 0.185984141
341 343 33623.729766528
342 343 -105193.904890397
343 343 161307.382991466
7 344 0.000000000
344 344 40299648744.335968018
345 344 22618389630.635795593
346 344 24756728780.366474152
7 345 0.000000000
344 345 22618389630.635795593
345 345 94532511815.600311279
346 345 -41543448613.062156677
7 346 0.110356285
344 346 24756728780.366474152
345 346 -41543448613.062156677
346 346 52763276141.172157288
7 347 0.000000000
347 347 1082652.786077344
348 347 500358.395812903
349 347 706032.297183241
7 348 0.000000000
347 348 500358.395812903
348 348 2509971.798229095
349 348 -1076986.378335039
7 349 0.150508641
347 349 706032.297183241
348 349 -1076986.378335039
349 349 1324598.307500090
7 350 0.000000000
350 350 14027533.479966713
351 350 9049222.806501921
352 350 8002230.083097222
7 351 0.000000000
350 351 9049222.806501921
351 351 29344452.626848888
352 351 -13324740.725515602
7 352 0.100753372
350 352 8002230.083097222
351 352 -13324740.725515602
352 352 19104208.886095688
7 353 0.000000000
353 353 907413.177684166
354 353 501942.897970281
355 353 557082.494131087
7 354 0.000000000
353 354 501942.897970281
354 354 1896187.587802903
355 354 -846142.704627589
7 355 0.149725783
353 355 557082.494131087
354 355 -846142.704627589
355 355 1165222.019223340
7 356 0.000000000
356 356 18891674438.712715149
357 356 11704606380.053295135
358 356 11620471967.273984909
7 357 0.000000000
356 357 11704606380.053295135
357 357 44730229228.225372314
358 357 -19199703841.239120483
7 358 0.110844777
356 358 11620471967.273984909
357 358 -19199703841.239120483
358 358 25743212600.077548981
7 359 0.000000000
359 359 1044328.684501520
360 359 543699.377112451
361 359 686839.821778042
7 360 0.000000000
359 360 543699.377112451
360 360 2457985.952018683
361 360 -1030621.524747839
7 361 0.149054141
359 361 686839.821778042
360 361 -1030621.524747839
361 361 1337784.107089088
7 362 0.000000000
362 362 1718356.116589066
363 362 2037479.992997100
364 362 1039288.315801009
7 363 0.000000000
362 363 2037479.992997100
363 363 4911633.891312530
364 363 -1372584.892889735
7 364 0.127695394
362 364 1039288.315801009
363 364 -1372584.892889735
364 364 3347353.349787779
7 365 0.000000000
365 365 65497.196354734
366 365 72742.724387454
367 365 44495.225714936
7 366 0.000000000
365 366 72742.724387454
366 366 189787.495521532
367 366 -53013.567039339
7 367 0.200422950
365 367 44495.225714936
366 367 -53013.567039339
367 367 126487.818626629
7 368 0.000000000
368 368 593990195970845.750000000
369 368 352777768323302.812500000
370 368 259469445012755.906250000
7 369 0.000000000
368 369 352777768323302.812500000
369 369 795977773021132.625000000
370 369 -457696899454684.250000000
7 370 0.110559920
368 370 259469445012755.906250000
369 370 -457696899454684.250000000
370 370 751576307265072.375000000
7 371 0.000000000
371 371 262025.377762570
372 371 140055.953274594
373 371 123932.535786152
7 372 0.000000000
371 372 140055.953274594
372 372 353431.030623490
373 372 -201502.563343152
7 373 0.177142677
371 373 123932.535786152
372 373 -201502.563343152
373 373 315961.112107419
7 374 0.000000000
374 374 3006554.138804218
375 374 2098158.986141901
376 374 1320865.446301585
7 375 0.000000000
374 375 2098158.986141901
375 375 4274060.464306689
376 375 -2228825.319129766
7 376 0.127530115
374 376 1320865.446301585
375 376 -2228825.319129766
376 376 4113000.091146076
7 377 0.000000000
377 377 175522.969660211
378 377 112578.607238649
379 377 84419.567188161
7 378 0.000000000
377 378 112578.607238649
378 378 252074.092809928
379 378 -131068.395423319
7 379 0.182962621
377 379 84419.567188161
378 379 -131068.395423319
379 379 231322.723015862
7 380 0.000000000
380 380 212060.980731284
381 380 185443.829549968
382 380 75767.857588772
7 381 0.000000000
380 381 185443.829549968
381 381 270972.094504163
382 381 -114772.443112379
7 382 0.153456968
380 382 75767.857588772
381 382 -114772.443112379
382 382 328271.698709828
7 383 0.000000000
383 383 44497.475584688
384 383 37439.286761657
385 383 17939.214031551
7 384 0.000000000
383 384 37439.286761657
384 384 58063.941250804
385 384 -25134.036173157
7 385 0.208315277
383 385 17939.214031551
384 385 -25134.036173157
385 385 68153.876442886
7 386 0.000000000
386 386 169154.015214084
387 386 160646.911481985
388 386 58853.289178497
7 387 0.000000000
386 387 160646.911481985
387 387 228570.382851278
388 387 -83526.764095565
7 388 0.152890263
386 388 58853.289178497
387 388 -83526.764095565
388 388 276230.917434787
7 389 0.000000000
389 389 36681.486076971
390 389 33721.322910505
391 389 14565.312950355
7 390 0.000000000
389 390 33721.322910505
390 390 50692.826150136
391 390 -19173.527648393
7 391 0.206136171
389 391 14565.312950355
390 391 -19173.527648393
391 391 59629.859090187
7 392 0.000000000
392 392 10306770.419329539
393 392 4685655.620445423
394 392 2833457.117466258
7 393 0.000000000
392 393 4685655.620445423
393 393 6532377.037200063
394 393 -5603774.911042967
7 394 0.119229768
392 394 2833457.117466258
393 394 -5603774.911042967
394 394 11568710.688093260
7 395 0.000000000
395 395 150995.600055546
396 395 63488.913604878
397 395 45510.694011194
7 396 0.000000000
395 396 63488.913604878
396 396 98909.798197580
397 396 -84422.956690468
7 397 0.186264826
395 397 45510.694011194
396 397 -84422.956690468
397 397 162224.775889309
7 398 0.000000000
398 398 6731206.049001132
399 398 2436236.992030349
400 398 3487246.815938166
7 399 0.000000000
398 399 2436236.992030349
399 399 11563090.437390557
400 399 -6397616.782650150
7 400 0.092451521
398 400 3487246.815938166
399 400 -6397616.782650150
400 400 7299583.781187555
7 401 0.000000000
401 401 4867320.524633128
402 401 1349634.667980861
403 401 2652013.145184861
7 402 0.000000000
401 402 1349634.667980861
402 402 8313630.919922394
403 402 -4463941.527622899
7 403 0.131708601
401 403 2652013.145184861
402 403 -4463941.527622899
403 403 4849868.119072015
7 404 0.000000000
404 404 986147.152996715
405 404 798476.787952872
406 404 419295.287083751
7 405 0.000000000
404 405 798476.787952872
405 405 1441467.578393874
406 405 -670113.428982833
7 406 0.135873562
404 406 419295.287083751
405 406 -670113.428982833
406 406 1460529.320084526
7 407 0.000000000
407 407 79967.760833861
408 407 60720.500741036
409 407 37664.543808524
7 408 0.000000000
407 408 60720.500741036
408 408 118304.404495712
409 408 -55397.883729562
7 409 0.202603582
407 409 37664.543808524
408 409 -55397.883729562
409 409 115463.659545322
7 410 0.000000000
410 410 7812086.197548571
411 410 1783418.789423253
412 410 2788976.324430642
7 411 0.000000000
410 411 1783418.789423253
411 411 7016788.592275117
412 411 -5775088.756640416
7 412 0.094201426
410 412 2788976.324430642
411 412 -5775088.756640416
412 412 7215524.358582873
7 413 0.000000000
413 413 2943092.165770289
414 413 520878.831807668
415 413 1105083.939442660
7 414 0.000000000
413 414 520878.831807668
414 414 2680619.185574557
415 414 -2131967.364211616
7 415 0.137583665
413 415 1105083.939442660
414 415 -2131967.364211616
415 415 2507901.221978281
7 416 0.000000000
416 416 15751403.436654108
417 416 5654725.449112642
418 416 3255995.631672830
7 417 0.000000000
416 417 5654725.449112642
417 417 6321394.472496130
418 417 -7055870.001452325
7 418 0.116993061
416 418 3255995.631672830
417 418 -7055870.001452325
418 418 16436542.505023867
7 419 0.000000000
419 419 263705.887711526
420 419 87916.011262629
421 419 59786.300840485
7 420 0.000000000
419 420 87916.011262629
420 420 110980.088891711
421 420 -122872.936223303
7 421 0.163437886
419 421 59786.300840485
420 421 -122872.936223303
421 421 263257.456703085
7 422 0.000000000
422 422 21836363.979196351
423 422 8313468.729006591
424 422 5003171.864994690
7 423 0.000000000
422 423 8313468.729006591
423 423 10216499.463672165
424 423 -10545801.550431300
7 424 0.116300549
422 424 5003171.864994690
423 424 -10545801.550431300
424 424 23130158.954384990
7 425 0.000000000
425 425 291969.562605254
426 425 102709.254396814
427 425 73430.164823334
7 426 0.000000000
425 426 102709.254396814
426 426 142963.160664957
427 426 -146181.047220359
7 427 0.163213253
425 427 73430.164823334
426 427 -146181.047220359
427 427 295428.390369163
7 428 0.000000000
428 428 3762466.654803544
429 428 1519484.164309967
430 428 724063.911503410
7 429 0.000000000
428 429 1519484.164309967
429 429 1458763.140435460
430 429 -1536565.728670503
7 430 0.122040909
428 430 724063.911503410
429 430 -1536565.728670503
430 430 4097589.089093632
7 431 0.000000000
431 431 134096.473526540
432 431 50917.089877510
433 431 28492.653839362
7 432 0.000000000
431 432 50917.089877510
432 432 54122.330457657
433 432 -57576.222073799
7 433 0.175861532
431 433 28492.653839362
432 433 -57576.222073799
433 433 140519.236721516
7 434 0.000000000
434 434 5900212.372078334
435 434 2103717.348520483
436 434 2638938.352277329
7 435 0.000000000
434 435 2103717.348520483
435 435 7804058.208603867
436 435 -5015181.279327611
7 436 0.092370296
434 436 2638938.352277329
435 436 -5015181.279327611
436 436 6209379.052726518
7 437 0.000000000
437 437 3499879.878244568
438 437 1000713.934846356
439 437 1657562.991290893
7 438 0.000000000
437 438 1000713.934846356
438 438 4653660.122320153
439 438 -2908025.169964438
7 439 0.134282550
437 439 1657562.991290893
438 439 -2908025.169964438
439 439 3403838.754619776
7 440 0.000000000
440 440 8577718.512323461
441 440 3439949.657917710
442 440 3640808.041098243
7 441 0.000000000
440 441 3439949.657917710
441 441 10395616.756440133
442 441 -6903729.627849573
7 442 0.096643176
440 442 3640808.041098243
441 442 -6903729.627849573
442 442 9304073.570770511
7 443 0.000000000
443 443 1669922.261928432
444 443 561598.318330786
445 443 755100.965566934
7 444 0.000000000
443 444 561598.318330786
444 444 2039419.692712785
445 444 -1324326.034585302
7 445 0.142675500
443 445 755100.965566934
444 445 -1324326.034585302
445 445 1687486.008886597
7 446 0.000000000
446 446 6749613.514560173
447 446 2900531.957651639
448 446 3224015.071751429
7 447 0.000000000
446 447 2900531.957651639
447 447 10055198.393063851
448 447 -5920884.980657454
7 448 0.094364313
446 448 3224015.071751429
447 448 -5920884.980657454
448 448 7600182.000324763
7 449 0.000000000
449 449 2472987.957800357
450 449 875829.378770884
451 449 1256715.227007252
7 450 0.000000000
449 450 875829.378770884
450 450 3696058.728402961
451 450 -2123839.443073661
7 451 0.137527849
449 451 1256715.227007252
450 451 -2123839.443073661
451 451 2587708.918483493
7 452 0.000000000
452 452 368098.685064077
453 452 503407.940948534
454 452 223132.467409873
7 453 0.000000000
452 453 503407.940948534
453 453 1176039.771531227
454 453 -263275.480531998
7 454 0.141696663
452 454 223132.467409873
453 454 -263275.480531998
454 454 797936.408969820
7 455 0.000000000
455 455 36944.649816431
456 455 48063.205739059
457 455 25583.730350677
7 456 0.000000000
455 456 48063.205739059
456 456 120643.244782945
457 456 -27145.895577284
7 457 0.211616931
455 457 25583.730350677
456 457 -27145.895577284
457 457 80551.715843238
7 458 0.000000000
458 458 269120.497966968
459 458 207405.349773380
460 458 82361.440125432
7 459 0.000000000
458 459 207405.349773380
459 459 265813.353744898
460 459 -132396.488393410
7 460 0.148085987
458 460 82361.440125432
459 460 -132396.488393410
460 460 387243.804286499
7 461 0.000000000
461 461 26261.421169685
462 461 19459.149962493
463 461 9024.512345591
7 462 0.000000000
461 462 19459.149962493
462 462 26404.956548237
463 462 -13530.489302729
7 463 0.215869710
461 463 9024.512345591
462 463 -13530.489302729
463 463 37203.032458442
7 464 0.000000000
464 464 10710777.274187054
465 464 5489773.460321259
466 464 5047494.841031726
7 465 0.000000000
464 465 5489773.460321259
465 465 15798137.891198812
466 465 -9063986.026038427
7 466 0.098922119
464 466 5047494.841031726
465 466 -9063986.026038427
466 466 12833316.334332041
7 467 0.000000000
467 467 1132331.584208325
468 467 499897.317845842
469 467 572600.063435799
7 468 0.000000000
467 468 499897.317845842
468 468 1679072.435959044
469 468 -945925.856597824
7 469 0.146984005
467 469 572600.063435799
468 469 -945925.856597824
469 469 1274837.678398069
7 470 0.000000000
470 470 889787.080218140
471 470 907600.707836282
472 470 448014.969144061
7 471 0.000000000
470 471 907600.707836282
471 471 1846399.903033558
472 471 -640918.873626887
7 472 0.134816557
470 472 448014.969144061
471 472 -640918.873626887
472 472 1534892.310966752
7 473 0.000000000
473 473 59987.006490190
474 473 57814.584908605
475 473 33741.938579238
7 474 0.000000000
473 474 57814.584908605
474 474 125990.915112910
475 474 -43947.797963381
7 475 0.206409746
473 475 33741.938579238
474 475 -43947.797963381
475 475 102191.782042182
7 476 0.000000000
476 476 312344.339360016
477 476 339935.662858267
478 476 150893.644411885
7 477 0.000000000
476 477 339935.662858267
477 477 650183.891745453
478 477 -205931.237496327
7 478 0.147189060
476 478 150893.644411885
477 478 -205931.237496327
478 478 561849.962939610
7 479 0.000000000
479 479 45928.892380664
480 479 47701.987273630
481 479 25108.541360237
7 480 0.000000000
479 480 47701.987273630
480 480 97515.401973191
481 480 -31236.084189293
7 481 0.209209373
479 481 25108.541360237
480 481 -31236.084189293
481 481 82202.010594195
7 482 0.000000000
482 482 64677181.743977129
483 482 -3457502.830399344
484 482 8850025.609007806
7 483 0.000000000
482 483 -3457502.830399344
483 483 15494390.756288685
484 483 -26630019.933483068
7 484 0.105597092
482 484 8850025.609007806
483 484 -26630019.933483068
484 484 45900986.044106849
7 485 0.000000000
485 485 1350417.335879746
486 485 -94331.654405037
487 485 188674.211172415
7 486 0.000000000
485 486 -94331.654405037
486 486 346819.272580266
487 486 -554527.863239915
7 487 0.146817973
485 487 188674.211172415
486 487 -554527.863239915
487 487 887713.756614681
7 488 0.000000000
488 488 1181946.280252260
489 488 108813.205057176
490 488 85944.967269687
7 489 0.000000000
488 489 108813.205057176
489 489 108342.400421146
490 489 -305368.137397921
7 490 0.129372619
488 490 85944.967269687
489 490 -305368.137397921
490 490 1004418.188986355
7 491 0.000000000
491 491 121199.910259095
492 491 9684.527415422
493 491 9307.350921024
7 492 0.000000000
491 492 9684.527415422
492 492 12587.216033106
493 492 -33154.413850732
7 493 0.175756865
491 493 9307.350921024
492 493 -33154.413850732
493 493 97984.841970680
7 494 0.000000000
494 494 333382.350820704
495 494 53005.485160227
496 494 22971.812416018
7 495 0.000000000
494 495 53005.485160227
495 495 30659.484085947
496 495 -78238.447601962
7 496 0.139797232
494 496 22971.812416018
495 496 -78238.447601962
496 496 303225.760771481
7 497 0.000000000
497 497 54001.159047888
498 497 8029.897165121
499 497 3982.721706460
7 498 0.000000000
497 498 8029.897165121
498 498 5490.756869491
499 498 -13599.853521113
7 499 0.191543058
497 499 3982.721706460
498 499 -13599.853521113
499 499 47170.717153808
7 500 0.000000000
500 500 24664507786.939826965
501 500 17478697647.248180389
502 500 12435983551.807546616
7 501 0.000000000
500 501 17478697647.248180389
501 501 43172871652.999099731
502 501 -20630120422.454666138
7 502 0.110357358
500 502 12435983551.807546616
501 502 -20630120422.454666138
502 502 34428421490.878379822
7 503 0.000000000
503 503 344286.143463879
504 503 219515.189565611
505 503 189304.532030890
7 504 0.000000000
503 504 219515.189565611
504 504 607634.491986869
505 504 -287394.436967531
7 505 0.166456092
503 505 189304.532030890
504 505 -287394.436967531
505 505 460194.099810424
7 506 0.000000000
506 506 15493409.092814121
507 506 12355748.435288368
508 506 7890924.648152449
7 507 0.000000000
506 507 12355748.435288368
507 507 28643794.821189746
508 507 -12613047.330134364
7 508 0.118008068
506 508 7890924.648152449
507 508 -12613047.330134364
508 508 23041215.427370265
7 509 0.000000000
509 509 222180.365779481
510 509 161960.153086248
511 509 124456.941832249
7 510 0.000000000
509 510 161960.153086248
510 510 415555.510173646
511 510 -181729.037163022
7 511 0.174345982
509 511 124456.941832249
510 511 -181729.037163022
511 511 319236.396323370
7 512 0.000000000
512 512 979662.099094503
513 512 39611.576487762
514 512 53484.915781080
7 513 0.000000000
512 513 39611.576487762
513 513 68723.254865440
514 513 -228820.486795938
7 514 0.130718138
512 514 53484.915781080
513 514 -228820.486795938
514 514 797794.143657772
7 515 0.000000000
515 515 113212.039232106
516 515 3531.853539358
517 515 6385.867983290
7 516 0.000000000
515 516 3531.853539358
516 516 9230.351784088
517 516 -28018.034983441
7 517 0.176710787
515 517 6385.867983290
516 517 -28018.034983441
517 517 87663.155162225
7 518 0.000000000
518 518 12208584.777947795
519 518 10145925.300370175
520 518 6266791.602036379
7 519 0.000000000
518 519 10145925.300370175
519 519 23208313.709497526
520 519 -9866559.089904536
7 520 0.118700041
518 520 6266791.602036379
519 520 -9866559.089904536
520 520 18595393.228939764
7 521 0.000000000
521 521 190239.051822459
522 521 145263.086492687
523 521 107707.547059866
7 522 0.000000000
521 522 145263.086492687
522 522 366288.480023612
523 522 -154746.203880036
7 523 0.177423609
521 523 107707.547059866
522 523 -154746.203880036
523 523 280914.857142960
7 524 0.000000000
524 524 1071827.134609909
525 524 996669.358466348
526 524 508537.367298072
7 525 0.000000000
524 525 996669.358466348
525 525 1949353.151840015
526 525 -762935.253919424
7 526 0.133757979
524 526 508537.367298072
525 526 -762935.253919424
526 526 1734803.859257923
7 527 0.000000000
527 527 73731.672665921
528 527 64419.755287901
529 527 38977.307824753
7 528 0.000000000
527 528 64419.755287901
528 528 135778.355255061
529 528 -53507.353757408
7 529 0.201820825
527 529 38977.307824753
528 529 -53507.353757408
529 529 117053.449476261
7 530 0.000000000
530 530 7717381.474323458
531 530 7053527.324049743
532 530 4092438.279968466
7 531 0.000000000
530 531 7053527.324049743
531 531 16027918.021841735
532 531 -6194997.471524845
7 532 0.120165482
530 532 4092438.279968466
531 532 -6194997.471524845
532 532 12472935.250479948
7 533 0.000000000
533 533 140711.564924992
534 533 118919.835658878
535 533 82571.099465987
7 534 0.000000000
533 534 118919.835658878
534 534 295221.068643592
535 534 -113861.391181299
7 535 0.183467075
533 535 82571.099465987
534 535 -113861.391181299
535 535 221655.183859940
7 536 0.000000000
536 536 114232.520083742
537 536 105980.048685259
538 536 33483.975029136
7 537 0.000000000
536 537 105980.048685259
537 537 132531.007236117
538 537 -46245.614179580
7 538 0.154442365
536 538 33483.975029136
537 538 -46245.614179580
538 538 184542.413716001
7 539 0.000000000
539 539 24429.156243832
540 539 22128.138590075
541 539 8238.045152985
7 540 0.000000000
539 540 22128.138590075
540 540 28994.829862647
541 540 -10654.285358183
7 541 0.211513769
539 541 8238.045152985
540 541 -10654.285358183
541 541 39445.246162348
7 542 0.000000000
542 542 7854369.350982900
543 542 2340895.441229146
544 542 3024226.276062482
7 543 0.000000000
542 543 2340895.441229146
543 543 8000977.015294076
544 543 -6034535.991313951
7 544 0.094974646
542 544 3024226.276062482
543 544 -6034535.991313951
544 544 7751360.432822648
7 545 0.000000000
545 545 2377785.307408463
546 545 573462.340976119
547 545 968000.501753278
7 546 0.000000000
545 546 573462.340976119
546 546 2448487.026991267
547 546 -1793906.590187621
7 547 0.139318244
545 547 968000.501753278
546 547 -1793906.590187621
547 547 2173244.076595710
7 548 0.000000000
548 548 173990.709104118
549 548 195005.703277078
550 548 71015.560809527
7 549 0.000000000
548 549 195005.703277078
549 549 318826.858796556
550 549 -90779.214147782
7 550 0.150449467
548 550 71015.560809527
549 550 -90779.214147782
550 550 318477.175131403
7 551 0.000000000
551 551 28330.205042258
552 551 30795.313853898
553 551 13277.852745263
7 552 0.000000000
551 552 30795.313853898
552 552 53157.197480631
553 552 -15605.049841574
7 553 0.213858996
551 553 13277.852745263
552 553 -15605.049841574
553 553 52066.567840368
7 554 0.000000000
554 554 1570704469.021155119
555 554 712708822.969985008
556 554 593906991.694033861
7 555 0.000000000
554 555 712708822.969985008
555 555 1591854107.281826973
556 555 -1128122077.202622414
7 556 0.109665188
554 556 593906991.694033861
555 556 -1128122077.202622414
556 556 1764468271.356264114
7 557 0.000000000
557 557 479363.772751832
558 557 193510.233781044
559 557 195171.586889642
7 558 0.000000000
557 558 193510.233781044
558 558 493125.856000205
559 558 -343704.228194781
7 559 0.163434191
557 559 195171.586889642
558 559 -343704.228194781
559 559 509571.985476705
7 560 0.000000000
560 560 181653483.376559973
561 560 174045710.177088439
562 560 113387541.689676851
7 561 0.000000000
560 561 174045710.177088439
561 561 484740891.944652498
562 561 -166841154.217166722
7 562 0.112677513
560 562 113387541.689676851
561 562 -166841154.217166722
562 562 309433195.712087393
7 563 0.000000000
563 563 249038.842144212
564 563 215089.602829771
565 563 171120.109779749
7 564 0.000000000
563 564 215089.602829771
564 564 667797.140406904
565 564 -228024.401232168
7 565 0.168918870
563 565 171120.109779749
564 565 -228024.401232168
565 565 410589.271831452
7 566 0.000000000
566 566 8642893.125528062
567 566 8664431.106504710
568 566 4963575.056701611
7 567 0.000000000
566 567 8664431.106504710
567 567 20938746.089769147
568 567 -7193391.283774072
7 568 0.119351880
566 568 4963575.056701611
567 568 -7193391.283774072
568 568 14937074.509118024
7 569 0.000000000
569 569 134391.356367969
570 569 124113.994396623
571 569 85633.229264742
7 570 0.000000000
569 570 124113.994396623
570 570 328241.742051782
571 570 -112712.972545807
7 571 0.182851922
569 571 85633.229264742
570 571 -112712.972545807
571 571 226770.162123036
7 572 0.000000000
572 572 989666.225549170
573 572 107032.121073207
574 572 -237203.956913086
7 573 0.000000000
572 573 107032.121073207
573 573 218972.122811648
574 573 438790.907071535
7 574 0.141410250
572 574 -237203.956913086
573 574 438790.907071535
574 574 1096931.413285770
7 575 0.000000000
575 575 140555.648220126
576 575 14431.582275404
577 575 -36626.174908895
7 576 0.000000000
575 576 14431.582275404
576 576 28633.698181083
577 576 59389.774817705
7 577 0.190858970
575 577 -36626.174908895
576 577 59389.774817705
577 577 156420.526828125
7 578 0.000000000
578 578 627940.706189102
579 578 105140.697607545
580 578 -147890.280443075
7 579 0.000000000
578 579 105140.697607545
579 579 154337.826342165
580 579 283295.824994440
7 580 0.147148386
578 580 -147890.280443075
579 580 283295.824994440
580 580 728881.307700742
7 581 0.000000000
581 581 78988.282966269
582 581 12865.749754839
583 581 -20191.920835252
7 582 0.000000000
581 582 12865.749754839
582 582 18026.855880838
583 582 33994.591385974
7 583 0.194496462
581 583 -20191.920835252
582 583 33994.591385974
583 583 92415.548225661
7 584 0.000000000
584 584 13815099.432208445
585 584 -2468393.065010694
586 584 1817849.998457014
7 585 0.000000000
584 585 -2468393.065010694
585 585 4085842.592200341
586 585 -5823170.050661713
7 586 0.123907855
584 586 1817849.998457014
585 586 -5823170.050661713
586 586 8533758.508896107
7 587 0.000000000
587 587 761547.313865738
588 587 -143702.425363424
589 587 97325.157096726
7 588 0.000000000
587 588 -143702.425363424
588 588 229979.980774690
589 588 -310232.770402243
7 589 0.170316960
587 589 97325.157096726
588 589 -310232.770402243
589 589 432359.599831456
7 590 0.000000000
590 590 2655501.829835297
591 590 -84411.346093733
592 590 -654623.673343360
7 591 0.000000000
590 591 -84411.346093733
591 591 493168.316068883
592 591 1119202.811593511
7 592 0.131928337
590 592 -654623.673343360
591 592 1119202.811593511
592 592 2621123.042010495
7 593 0.000000000
593 593 253436.429780644
594 593 -9100.966903065
595 593 -67911.594428513
7 594 0.000000000
593 594 -9100.966903065
594 594 42641.952175676
595 594 101296.969355945
7 595 0.178604703
593 595 -67911.594428513
594 595 101296.969355945
595 595 249154.565818344
