65,4503;0,676664
60,6338;0,676664
20,2602;0,459701
18,4306;0,459701
14,7109;1,28176
14,3011;1,28176
20,9638;1,43149
20,0602;1,43149
20,7424;1,75446
20,3336;1,75446
32,6378;1,5009
33,6519;1,5009
37,5803;1,50272
36,6046;1,50272
13,1908;1,52688
14,1748;1,52688
13,0833;1,35147
12,199;1,35147
42,589;0,387149
41,8349;0,387149
17,1073;0,382061
17,271;0,382061
13,6052;0,78609
13,5721;0,78609
12,3295;1,38282
13,1916;1,38282
10,8196;1,26826
10,711;1,26826
30,4335;0,335718
30,1946;0,335718
33,3991;0,35718
33,7906;0,35718
17,4838;0,466881
17,9959;0,466881
40,9571;1,56773
38,867;1,56773
10,3154;1,49933
9,73013;1,49933
15,3007;1,49998
13,7952;1,49998
12,3703;1,65611
11,6003;1,65611
10,6062;1,08966
10,1485;1,08966
24,1941;0,184517
24,0086;0,184517
48,4935;1,27503
46,3122;1,27503
26,8091;1,77476
26,2722;1,77476
20,0796;0,542486
18,4213;0,542486
17,4233;1,30985
16,1965;1,30985
5,91776;1,75368
6,74913;1,75368
17,3651;0,632729
17,7189;0,632729
40,114;0,420114
39,176;0,420114
39,0388;0,471469
38,7514;0,471469
20,0751;0,574713
20,0385;0,574713
19,6704;0,637658
20,2616;0,637658
47,4436;1,35682
45,0575;1,35682
48,1673;1,23765
45,9016;1,23765
42,9109;0,673185
39,5658;0,673185
26,9585;0,183454
27,3158;0,183454
35,5546;0,181308
35,6493;0,181308
18,6359;0,762589
17,0481;0,762589
48,8221;0,775564
48,4714;0,775564
18,2379;1,79406
17,9737;1,79406
13,1209;1,42752
13,2206;1,42752
30,359;0,525259
27,8506;0,525259
34,2808;1,98909
34,6229;1,98909
22,3921;1,59078
21,1696;1,59078
26,2699;1,53302
24,2144;1,53302
25,0724;1,49606
23,5568;1,49606
25,4597;1,67456
24,3381;1,67456
35,4929;1,46126
34,4069;1,46126
15,1815;1,34407
13,5918;1,34407
17,7605;0,455425
17,57;0,455425
22,6026;1,19272
20,9938;1,19272
22,7925;1,18647
21,2078;1,18647
34,1206;0,515862
34,2187;0,515862
60,3936;1,23067
58,1219;1,23067
11,0086;1,31626
9,11219;1,31626
28,4125;0,483355
28,0508;0,483355
18,0011;1,93097
17,3123;1,93097
23,3918;1,93006
22,4125;1,93006
26,5779;1,80743
26,5683;1,80743
37,3741;1,83398
36,8158;1,83398
28,8802;1,85002
28,2599;1,85002
28,8257;1,91101
27,0414;1,91101
46,8922;1,44875
47,9972;1,44875
34,3284;1,41056
32,7167;1,41056
30,1059;1,48596
27,8294;1,48596
27,2684;1,5562
26,4503;1,5562
10,6803;1,38367
8,06314;1,38367
7,13518;1,69674
7,26394;1,69674
19,768;1,54649
18,032;1,54649
21,4307;0,28393
21,636;0,28393
19,1267;0,295414
18,7287;0,295414
17,004;0,519641
17,0857;0,519641
15,6632;0,611338
16,0639;0,611338
16,7864;0,607485
17,1518;0,607485
35,1764;1,2647
33,8857;1,2647
31,9385;1,25305
29,8394;1,25305
31,9605;0,930832
31,5075;0,930832
12,1172;0,865245
12,5288;0,865245
25,3526;1,35133
24,2474;1,35133
11,1548;1,28664
9,09748;1,28664
31,5907;1,24333
31,1825;1,24333
38,3492;1,52071
36,8189;1,52071
28,0282;1,44496
26,6635;1,44496
26,8563;0,447624
26,8274;0,447624
50,0151;1,21208
50,4809;1,21208
14,0707;1,45374
13,2757;1,45374
17,5236;1,30761
17,3812;1,30761
30,7233;0,333378
28,7511;0,333378
34,6653;0,640108
35,0861;0,640108
34,3561;1,30866
32,7235;1,30866
26,878;0,897221
25,8535;0,897221
99,0093;0,824245
98,9121;0,824245
17,8657;0,382573
16,6302;0,382573
21,3134;0,343781
21,4556;0,343781
6,58773;0,996029
6,1869;0,996029
16,1018;1,44699
14,3634;1,44699
17,6526;1,52264
17,1558;1,52264
31,7431;1,80374
30,9566;1,80374
22,9314;1,01104
23,7044;1,01104
25,1085;0,966718
24,3624;0,966718
13,6093;1,08948
13,6429;1,08948
31,7705;0,83486
31,4152;0,83486
22,1397;0,933142
19,9927;0,933142
7,75502;1,10818
7,83855;1,10818
8,13094;1,12726
7,47516;1,12726
14,3415;0,47354
15,181;0,47354
48,7199;1,54662
46,6926;1,54662
16,9484;0,770248
16,6163;0,770248
8,57468;0,915571
7,73079;0,915571
7,86038;0,795739
7,81995;0,795739
31,2906;0,403968
31,5661;0,403968
16,0451;1,41541
16,6086;1,41541
25,0442;1,44116
26,1505;1,44116
18,6726;0,457568
18,2282;0,457568
15,5265;1,86036
14,9448;1,86036
35,4509;1,84536
34,3309;1,84536
10,5823;1,29754
9,8754;1,29754
9,74635;1,29724
9,6513;1,29724
9,75762;1,76125
9,95976;1,76125
30,4797;1,86561
30,2875;1,86561
36,3326;1,48938
34,9644;1,48938
40,0356;0,580472
39,7797;0,580472
18,3379;0,0766167
18,1258;0,0766167
19,6027;0,068528
17,4977;0,068528
30,2921;2,10012
29,5056;2,10012
37,0917;2,05567
38,2852;2,05567
37,6049;2,0399
38,7782;2,0399
11,9722;1,70433
11,669;1,70433
30,4356;2,24812
30,6755;2,24812
18,4492;1,63315
18,3663;1,63315
17,7268;0,165511
17,3618;0,165511
18,9172;0,197824
18,7935;0,197824
28,812;0,915785
27,7042;0,915785
19,6866;0,908706
19,2075;0,908706
54,528;0,394161
50,4999;0,394161
25,0124;1,74787
24,0556;1,74787
40,1751;0,806486
39,9087;0,806486
39,6343;0,806971
40,1044;0,806971
16,3142;1,26625
16,336;1,26625
24,9917;1,31254
23,9052;1,31254
22,5938;1,41
20,9651;1,41
9,8112;1,41582
9,35005;1,41582
9,86232;1,47459
9,4768;1,47459
35,7401;0,798684
35,8348;0,798684
53,7609;1,55192
52,3887;1,55192
38,1651;1,1564
39,2625;1,1564
27,6411;1,52174
26,308;1,52174
44,7055;1,21176
45,0324;1,21176
14,4295;1,89383
15,0344;1,89383
67,017;1,37074
68,5929;1,37074
52,9049;1,38084
54,5831;1,38084
11,5347;1,64877
10,7513;1,64877
36,3343;1,39409
34,6882;1,39409
71,1493;1,1896
64,4212;1,1896
37,5066;1,81434
37,2848;1,81434
35,8213;0,225554
33,9123;0,225554
36,1863;0,26467
33,1465;0,26467
18,8221;0,196832
18,7922;0,196832
24,8837;0,221173
24,3471;0,221173
18,2941;0,172459
17,9404;0,172459
34,9657;0,329838
32,8932;0,329838
41,1258;0,50085
41,5082;0,50085
19,1168;0,71409
19,5306;0,71409
4,74353;1,07575
3,52653;1,07575
17,6579;0,121947
17,5097;0,121947
9,0003;1,92498
8,16949;1,92498
18,6239;0,736748
17,0595;0,736748
19,0011;0,773796
17,8212;0,773796
17,1309;0,849497
17,6889;0,849497
17,4363;0,718188
17,9328;0,718188
6,33152;1,47923
6,27982;1,47923
27,288;0,640414
28,7934;0,640414
19,2797;0,531186
19,6091;0,531186
14,9886;1,30026
13,5714;1,30026
52,1916;1,3103
49,8317;1,3103
10,3349;1,28344
8,50022;1,28344
26,2944;1,40542
24,1404;1,40542
35,6434;0,409261
33,835;0,409261
30,6287;0,493372
28,763;0,493372
21,4979;0,720908
22,159;0,720908
20,2004;0,72145
20,2727;0,72145
31,2469;1,40764
29,9064;1,40764
13,7044;1,41125
13,3619;1,41125
14,9097;1,67596
15,0041;1,67596
11,0509;1,21483
9,7337;1,21483
36,5662;1,26841
33,9736;1,26841
22,188;1,01549
22,6162;1,01549
29,3765;1,03609
26,7207;1,03609
4,31776;1,58103
3,15885;1,58103
8,61291;1,75368
8,91462;1,75368
12,9019;1,60754
10,9616;1,60754
10,9249;1,13798
9,15367;1,13798
26,8198;1,22477
24,3493;1,22477
15,9793;1,35581
14,573;1,35581
16,4392;0,777077
16,591;0,777077
17,3855;0,683855
15,7387;0,683855
31,8875;0,780845
29,753;0,780845
16,7851;0,769485
14,9203;0,769485
12,0384;1,1011
10,0227;1,1011
11,0983;1,09289
9,31773;1,09289
18,5525;0,220287
18,0293;0,220287
18,6026;0,338041
17,1865;0,338041
17,7551;0,366908
17,2589;0,366908
17,7077;0,28116
17,203;0,28116
7,4019;1,28998
7,13864;1,28998
17,9263;0,530449
16,5783;0,530449
17,8481;0,439686
17,3429;0,439686
17,823;0,457568
17,3182;0,457568
17,8394;0,560928
17,3444;0,560928
14,3214;0,797458
13,8944;0,797458
7,8164;1,29709
7,54813;1,29709
24,9563;0,407824
24,3967;0,407824
39,984;0,691538
39,2727;0,691538
18,6587;0,281855
17,2535;0,281855
7,86109;0,889555
7,13812;0,889555
7,84916;0,896348
7,12944;0,896348
7,86666;0,931672
7,14408;0,931672
8,13121;0,746772
7,48053;0,746772
8,23377;0,842791
7,56256;0,842791
8,17312;0,788575
7,51514;0,788575
8,89678;0,607807
8,18753;0,607807
17,8298;0,551074
16,6005;0,551074
17,8401;0,547869
16,6075;0,547869
15,6349;0,563018
14,4871;0,563018
9,42843;0,582155
10,4501;0,582155
17,1573;1,83323
16,1647;1,83323
17,1936;1,88958
16,2126;1,88958
16,494;1,99115
15,5851;1,99115
16,9095;1,99194
15,9356;1,99194
12,6305;2,15767
11,9214;2,15767
22,457;1,33442
22,3;1,33442
23,0798;1,44659
21,6427;1,44659
15,0537;1,31045
14,6749;1,31045
15,0856;1,38253
13,9817;1,38253
14,4677;1,42203
13,4109;1,42203
8,89353;1,84387
8,14961;1,84387
12,5986;1,52752
11,6254;1,52752
13,8742;1,39984
12,777;1,39984
32,6961;1,1103
30,5039;1,1103
17,0528;0,527861
16,6669;0,527861
17,8787;0,517377
16,6144;0,517377
17,8144;0,034264
17,3067;0,034264
18,6233;0,125115
18,1189;0,125115
17,7975;0,149353
17,3067;0,149353
16,792;1,92326
15,7813;1,92326
16,7882;1,80537
15,769;1,80537
10,0885;1,73754
9,47059;1,73754
24,9952;1,28862
23,3083;1,28862
11,9188;1,89186
11,2293;1,89186
8,89943;0,594461
8,19023;0,594461
7,88579;0,918771
7,15575;0,918771
17,8611;0,778083
16,5318;0,778083
17,1502;0,804542
16,6787;0,804542
12,0337;1,59336
11,1082;1,59336
12,0518;1,5936
11,1235;1,5936
11,5194;1,65611
10,5714;1,65611
10,7835;1,8817
10,1321;1,8817
25,0234;0,545722
24,4461;0,545722
10,9008;1,23986
9,68736;1,23986
10,8674;1,20431
10,1888;1,20431
33,8843;0,65342
33,2351;0,65342
10,0928;1,50337
8,96165;1,50337
24,9933;0,399095
24,4249;0,399095
25,0881;0,676664
24,5288;0,676664
9,09497;1,49135
8,35647;1,49135
17,1101;1,11012
16,689;1,11012
16,4361;1,20707
16,0296;1,20707
11,2549;1,49698
10,5726;1,49698
17,5239;0,913431
17,0821;0,913431
17,5415;0,917066
17,0992;0,917066
18,9063;1,34581
17,5971;1,34581
18,0483;1,4642
16,8279;1,4642
17,229;1,41333
16,8763;1,41333
9,25211;1,60985
8,48625;1,60985
15,1144;1,44996
14,0133;1,44996
17,342;1,41555
16,0563;1,41555
16,4863;1,41651
16,1319;1,41651
13,8765;1,52341
12,8009;1,52341
13,2392;1,43245
12,2005;1,43245
12,5751;1,5009
12,2383;1,5009
23,1087;1,48424
21,6816;1,48424
23,1459;1,47353
21,718;1,47353
16,8823;1,87169
15,8378;1,87169
16,8943;1,83088
15,8483;1,83088
17,0583;1,93725
16,0805;1,93725
15,0513;0,555319
13,9242;0,555319
17,0065;0,778083
15,7844;0,778083
17,7514;0,645284
17,2611;0,645284
17,8128;0,748604
16,4873;0,748604
16,4003;0,797213
15,9374;0,797213
17,2623;0,779089
15,8736;0,779089
17,2511;0,788823
15,8642;0,788823
10,1547;1,29301
8,99414;1,29301
11,8639;1,39367
10,579;1,39367
11,2623;1,3814
10,5719;1,3814
11,0045;1,70399
9,83274;1,70399
10,9701;1,6833
9,79836;1,6833
22,7806;1,02163
22,4484;1,02163
22,7421;1,02163
22,4142;1,02163
10,0953;1,67981
9,45923;1,67981
10,0705;1,49069
9,43838;1,49069
10,0552;1,47777
9,41151;1,47777
10,0218;1,56148
8,9067;1,56148
10,0544;1,69893
9,43336;1,69893
10,6548;1,772
9,47467;1,772
10,6529;1,65173
9,46879;1,65173
10,4077;1,41098
9,18412;1,41098
10,4418;1,44456
9,72864;1,44456
10,5131;1,31433
9,78886;1,31433
22,0569;1,05592
21,8207;1,05592
22,0727;1,13125
21,8309;1,13125
18,5863;0,370094
17,1694;0,370094
18,5504;0,368505
18,039;0,368505
18,604;0,153233
18,0946;0,153233
18,3281;0,398113
17,8242;0,398113
8,17522;1,29754
7,5117;1,29754
32,8842;0,535223
32,2223;0,535223
18,4945;0,234902
18,0354;0,234902
18,496;0,238211
18,0358;0,238211
19,3105;0,126669
17,8266;0,126669
17,8635;0,48376
17,401;0,48376
32,6338;0,447187
31,9431;0,447187
7,8602;0,974982
7,1389;0,974982
7,88741;0,898093
7,15772;0,898093
7,90202;0,911716
7,16793;0,911716
7,45706;1,09038
7,18616;1,09038
18,6771;0,397129
17,3376;0,397129
16,3524;0,558831
15,1444;0,558831
15,6512;0,555319
15,2769;0,555319
15,7099;0,556375
14,5408;0,556375
14,1607;2,0445
12,7189;2,0445
11,302;1,92091
10,1033;1,92091
13,8241;1,49449
13,4798;1,49449
9,82253;1,75435
9,01531;1,75435
16,5352;1,37444
15,3088;1,37444
8,27169;0,811806
7,59018;0,811806
10,5354;1,34727
9,28356;1,34727
18,2497;0,546439
16,8781;0,546439
9,88591;1,29316
9,1958;1,29316
9,87232;1,2842
9,18742;1,2842
22,0629;1,6263
20,9467;1,6263
22,1564;1,53123
21,0321;1,53123
22,0899;1,52161
20,9686;1,52161
8,20735;0,754073
7,54252;0,754073
12,15;1,79918
10,8858;1,79918
18,5706;0,195835
18,0561;0,195835
11,4827;1,6567
10,5418;1,6567
13,1922;1,52431
12,8561;1,52431
13,1582;1,5238
12,8254;1,5238
13,2175;1,52521
12,1949;1,52521
11,479;1,5311
11,1533;1,5311
25,5324;1,67946
24,1548;1,67946
23,3049;1,5552
21,8956;1,5552
18,6216;0,277659
18,1529;0,277659
18,5944;0,256409
18,1215;0,256409
15,7118;0,523019
14,5324;0,523019
15,7068;0,465622
14,5372;0,465622
7,39909;1,01046
7,13763;1,01046
16,3437;1,16835
15,9359;1,16835
18,1954;0,532658
16,8302;0,532658
7,02155;1,38818
6,76046;1,38818
7,03077;1,39311
6,43203;1,39311
17,1282;0,451542
16,6357;0,451542
22,4201;1,19583
20,9371;1,19583
10,5209;1,36916
9,80013;1,36916
10,4651;1,31209
9,75012;1,31209
10,0288;1,44103
9,37773;1,44103
10,0734;1,31403
9,40181;1,31403
17,8405;0,410216
17,3374;0,410216
17,9295;0,425666
16,5719;0,425666
17,8961;0,429783
17,3893;0,429783
17,9551;0,526376
16,6042;0,526376
17,8953;0,364232
17,3933;0,364232
18,601;0,353878
17,1836;0,353878
7,83485;1,23875
7,1167;1,23875
8,21528;0,797703
7,54808;0,797703
8,18642;0,724968
7,52519;0,724968
18,5188;0,118694
18,0484;0,118694
19,4719;0,120331
18,0058;0,120331
18,5411;0,0969133
18,0553;0,0969133
25,5167;0,515862
23,7026;0,515862
17,8112;0,488189
17,3512;0,488189
23,2102;0,893943
21,5655;0,893943
18,4212;0,273398
17,9019;0,273398
18,407;0,372203
17,8993;0,372203
18,5298;0,388158
18,0181;0,388158
10,2801;1,23353
9,59272;1,23353
17,7332;0,384104
17,2368;0,384104
13,1953;1,40597
12,8405;1,40597
13,2203;1,40862
12,1802;1,40862
10,442;1,33779
9,25405;1,33779
13,2659;1,88149
12,5159;1,88149
10,6571;1,8426
9,4884;1,8426
11,5726;1,84695
10,9225;1,84695
17,81;0,121947
17,325;0,121947
10,3762;1,43736
9,70946;1,43736
10,3692;1,34843
9,70001;1,34843
10,0586;1,59912
9,42668;1,59912
10,4254;1,2921
9,71911;1,2921
17,214;0,449805
16,7179;0,449805
17,2665;0,463094
16,7674;0,463094
17,8574;0,544286
17,3595;0,544286
39,9896;0,692104
39,2785;0,692104
40,0746;0,676664
39,3442;0,676664
8,1959;0,849497
7,53268;0,849497
17,5217;1,79853
16,5306;1,79853
10,5395;1,27549
9,32312;1,27549
10,496;1,32648
9,77411;1,32648
10,4645;1,29437
9,75238;1,29437
10,7991;1,32471
10,1476;1,32471
10,791;1,31671
10,1414;1,31671
10,3994;1,20869
9,17868;1,20869
10,3998;1,29362
9,17984;1,29362
10,393;1,31671
9,17318;1,31671
17,797;0,562322
17,3022;0,562322
12,1167;1,60925
10,8489;1,60925
12,1053;1,77443
11,4129;1,77443
33,8068;0,534857
33,1608;0,534857
16,3283;0,422899
15,9422;0,422899
17,1937;0,420114
15,8861;0,420114
12,0776;1,8744
10,8218;1,8744
13,7956;1,42244
13,4431;1,42244
13,8391;1,42546
12,7535;1,42546
8,32008;0,857065
7,62839;0,857065
7,9053;0,942323
7,6327;0,942323
10,5476;1,32515
9,29381;1,32515
10,4974;1,24835
9,25601;1,24835
38,5982;1,26733
38,1795;1,26733
36,2209;0,674347
33,3968;0,674347
20,6454;0,995243
19,0852;0,995243
19,6165;1,02144
19,1572;1,02144
8,25341;1,59053
7,58033;1,59053
9,06914;1,471
8,33441;1,471
17,0311;0,795985
16,5666;0,795985
17,4385;0,895693
16,9993;0,895693
20,1323;0,767448
19,6343;0,767448
18,2388;1,50233
17,0337;1,50233
16,532;1,45844
16,1975;1,45844
17,446;1,50337
17,1216;1,50337
27,4345;1,21257
25,4806;1,21257
19,8162;1,34436
18,4254;1,34436
19,6868;1,34275
19,3139;1,34275
28,3442;1,21708
26,4613;1,21708
9,38552;1,86194
8,60643;1,86194
8,9647;1,93694
8,20681;1,93694
12,602;1,47883
12,2576;1,47883
12,0565;1,50428
11,1157;1,50428
13,2376;1,40792
12,1939;1,40792
15,7236;1,37643
15,3614;1,37643
11,8138;2,64419
11,0092;2,64419
10,6367;1,94893
9,4722;1,94893
10,9867;1,76014
10,3667;1,76014
12,2405;1,84674
10,9711;1,84674
12,2213;1,87649
10,9541;1,87649
30,7578;1,27319
30,4248;1,27319
24,0213;1,65918
23,8592;1,65918
24,0171;1,50441
23,8592;1,50441
24,9621;1,29935
24,7089;1,29935
25,133;1,39227
23,6704;1,39227
25,192;1,54763
23,7947;1,54763
23,3561;1,4992
21,9359;1,4992
23,0879;1,49711
23,0111;1,49711
22,4942;1,32131
22,3429;1,32131
22,9452;1,52803
21,5203;1,52803
22,2691;1,52739
21,1713;1,52739
14,7326;2,04057
14,7243;2,04057
16,7985;1,87618
15,7994;1,87618
17,3427;1,92427
15,5038;1,92427
17,2057;1,91755
16,2117;1,91755
15,9407;2,00799
14,3209;2,00799
17,4276;1,83045
16,49;1,83045
25,0382;1,56235
24,9091;1,56235
25,9542;1,55243
25,7268;1,55243
17,4408;1,84631
16,5088;1,84631
18,644;0,185575
18,1826;0,185575
19,0258;0,213062
18,5511;0,213062
18,8704;0,138476
18,4148;0,138476
17,8746;0,213979
17,4009;0,213979
19,337;0,197824
18,8433;0,197824
20,1268;0,628696
19,7109;0,628696
27,0413;0,614849
25,0157;0,614849
14,358;0,480105
13,9875;0,480105
15,0572;0,476423
13,9422;0,476423
18,6658;0,473126
18,2283;0,473126
16,218;0,779089
15,0585;0,779089
17,7202;0,686141
16,5287;0,686141
17,6445;0,690122
17,3095;0,690122
18,5939;0,3743
18,1656;0,3743
7,40759;1,01568
7,14456;1,01568
7,53242;0,958996
7,24792;0,958996
7,95741;0,956544
7,2074;0,956544
7,53852;0,99426
7,25412;0,99426
7,58962;1,09878
6,8324;1,09878
8,54289;0,734886
7,86431;0,734886
7,93279;0,956749
7,1901;0,956749
8,13019;0,756405
7,47704;0,756405
8,4879;0,667639
7,81321;0,667639
8,17799;0,856608
7,51821;0,856608
25,0412;0,446311
24,4652;0,446311
18,7783;0,0766167
17,3827;0,0766167
18,4611;0,11535
17,9617;0,11535
18,5012;0,247082
18,0388;0,247082
19,1258;0,247872
18,6188;0,247872
34,5652;0,731684
33,923;0,731684
34,336;0,41543
31,9102;0,41543
25,0103;0,421509
24,4581;0,421509
8,15026;1,18877
7,48965;1,18877
8,19448;1,28557
7,52708;1,28557
7,8596;1,32722
7,13618;1,32722
7,86307;1,30851
7,13884;1,30851
18,3547;0,601984
17,8733;0,601984
17,6674;0,541764
17,1798;0,541764
17,1413;0,512055
16,6456;0,512055
17,1236;0,450674
16,628;0,450674
17,1148;0,477244
16,6217;0,477244
18,327;0,568207
16,9464;0,568207
7,76184;1,14449
7,06389;1,14449
7,43035;1,38437
6,74129;1,38437
17,7691;0,234068
17,2667;0,234068
18,6121;0,137056
18,1058;0,137056
18,2324;0,294086
17,7418;0,294086
18,3316;0,163129
17,8243;0,163129
17,2926;0,451108
15,8837;0,451108
10,8806;1,41222
10,1672;1,41222
10,8652;1,44983
10,1518;1,44983
10,1368;1,58511
9,48789;1,58511
10,1618;1,53748
9,50258;1,53748
10,613;1,33735
9,87635;1,33735
11,0982;1,35277
9,78327;1,35277
11,0565;1,36888
9,75136;1,36888
21,2363;1,01298
19,8346;1,01298
23,4908;0,855923
23,0983;0,855923
10,0723;1,32751
9,39955;1,32751
10,1515;1,26316
9,47256;1,26316
10,1333;1,30521
9,45288;1,30521
21,3142;1,07666
19,9104;1,07666
18,531;0,696893
17,2842;0,696893
10,3879;1,19894
9,16023;1,19894
10,2879;1,34697
9,0908;1,34697
10,4047;1,45091
9,69784;1,45091
10,2889;1,38112
9,09826;1,38112
10,3376;1,28512
9,13327;1,28512
10,7957;1,14518
10,0388;1,14518
10,7463;1,04324
9,99722;1,04324
10,0113;1,90279
9,39541;1,90279
10,7875;1,68342
10,1532;1,68342
11,3088;1,6012
10,1304;1,6012
11,819;1,65292
11,1142;1,65292
22,357;1,51233
22,1926;1,51233
38,6202;1,10641
38,3758;1,10641
10,8469;1,34042
9,65347;1,34042
10,384;1,26378
9,70258;1,26378
10,8142;1,57209
9,63678;1,57209
10,8009;1,49907
9,633;1,49907
23,1689;1,08047
22,9729;1,08047
24,1767;1,35162
22,796;1,35162
22,7555;1,40458
21,315;1,40458
16,8581;0,776825
16,5791;0,776825
16,8709;0,956749
16,6178;0,956749
22,8004;1,02182
22,4658;1,02182
7,3898;1,2048
7,12644;1,2048
18,1467;0,330431
17,6558;0,330431
34,2493;0,612936
33,5635;0,612936
36,2064;0,498893
33,4294;0,498893
7,55891;1,02374
7,27021;1,02374
7,7423;1,00542
7,04978;1,00542
16,3117;0,558831
15,951;0,558831
19,6452;0,28393
18,1764;0,28393
17,114;1,90228
16,178;1,90228
17,1718;1,92244
16,1236;1,92244
17,5724;1,78597
16,572;1,78597
10,4685;3,24594
10,0172;3,24594
31,3206;1,5122
31,1697;1,5122
38,3136;1,16735
38,026;1,16735
23,5903;1,59446
22,1526;1,59446
22,1996;1,59115
21,0779;1,59115
24,9602;1,44699
24,7401;1,44699
20,2893;1,65197
19,1973;1,65197
20,3742;1,76259
19,2921;1,76259
13,8455;1,55293
13,5164;1,55293
15,7578;1,5247
15,4283;1,5247
13,9555;1,70869
12,9094;1,70869
16,893;1,71109
15,804;1,71109
17,1597;0,877819
16,6974;0,877819
20,5489;1,07956
19,0145;1,07956
25,809;0,765406
23,9679;0,765406
32,7908;0,844183
30,3812;0,844183
25,6086;0,928517
25,0714;0,928517
8,70666;1,66013
7,99798;1,66013
25,0985;1,27196
23,405;1,27196
24,8316;1,40277
24,5318;1,40277
56,9416;1,08372
56,3574;1,08372
23,1354;1,16533
22,7529;1,16533
