0,298036;1,6158
0,436629;1,6158
2,82091;1,61459
1,85439;1,61459
10,891;1,88357
11,3536;1,88357
13,4556;2,01616
14,0022;2,01616
15,3843;4,03294
16,039;4,03294
4,10149;1,02603
3,79146;1,02603
3,94715;0,999951
3,64515;0,999951
2,13512;1,69847
3,13982;1,69847
2,72444;0,949975
4,20085;0,949975
18,8134;1,84801
17,3389;1,84801
45,4562;1,84727
44,2304;1,84727
3,08791;0,934608
4,16189;0,934608
3,47469;1,29286
4,76235;1,29286
1,89223;2,65535
1,86012;2,65535
0,735133;1,63829
1,68416;1,63829
2,20515;1,58942
2,84236;1,58942
39,9603;1,62257
38,6092;1,62257
2,95221;1,45911
3,26018;1,45911
2,89405;1,23115
2,47326;1,23115
3,51894;1,26841
4,07187;1,26841
0,892984;1,99292
1,1428;1,99292
17,1964;1,8137
16,1905;1,8137
17,4746;1,72918
15,4695;1,72918
14,4575;1,81035
14,4953;1,81035
17,0918;1,80851
18,2988;1,80851
18,676;2,38203
17,7358;2,38203
18,8102;2,46601
19,956;2,46601
15,6681;1,31893
18,3622;1,31893
17,198;4,11161
17,9699;4,11161
17,9768;4,13095
17,3396;4,13095
14,8059;2,13423
15,2777;2,13423
19,076;2,26123
19,632;2,26123
16,9923;2,52476
18,0547;2,52476
18,2542;2,52708
17,5171;2,52708
17,2031;1,81768
16,1352;1,81768
18,5421;1,99508
17,3443;1,99508
2,28504;2,75499
2,16406;2,75499
20,1187;1,1335
17,4593;1,1335
19,3743;2,46005
18,4645;2,46005
16,531;1,89021
14,8784;1,89021
18,8204;2,38671
18,5648;2,38671
18,3426;1,51827
14,8899;1,51827
0,51904;2,51116
0,680104;2,51116
19,1532;2,12348
18,5684;2,12348
21,4928;1,65505
20,3633;1,65505
15,8172;1,8744
15,2894;1,8744
8,83228;1,04941
10,1381;1,04941
27,0608;2,38639
26,5493;2,38639
3,04549;1,49972
4,31516;1,49972
3,21725;1,4432
4,50115;1,4432
18,4581;1,37615
15,542;1,37615
18,8505;2,76336
16,4549;2,76336
1,99836;1,72907
3,26815;1,72907
3,40591;1,17536
4,65933;1,17536
1,56907;1,95064
3,17377;1,95064
3,04332;1,35422
4,6615;1,35422
18,3848;1,52264
17,4337;1,52264
14,4522;1,34843
14,1138;1,34843
3,44734;1,27901
5,15537;1,27901
1,37078;2,04277
2,35035;2,04277
0,180571;2,19499
1,48058;2,19499
19,2285;1,01008
15,9192;1,01008
2,02063;1,60742
3,52666;1,60742
2,02565;1,6062
3,53215;1,6062
4,2445;2,64752
3,16906;2,64752
16,9454;2,11997
16,2771;2,11997
1,62937;2,31385
0,220338;2,31385
33,5272;1,51388
31,0059;1,51388
3,21295;1,21466
4,78363;1,21466
3,36373;1,36501
4,65197;1,36501
20,0974;2,4314
17,0275;2,4314
20,8118;1,56898
18,1077;1,56898
3,04308;1,28161
4,60736;1,28161
0,676435;2,2124
1,9676;2,2124
0,345718;2,4184
0,85672;2,4184
2,14086;1,56735
3,64767;1,56735
2,46106;1,46967
3,82657;1,46967
18,8362;1,85108
16,631;1,85108
18,8726;1,85087
16,66;1,85087
3,2079;1,25819
4,68382;1,25819
3,37407;1,30296
4,64729;1,30296
3,29593;1,31893
4,55549;1,31893
2,7815;1,54624
4,00673;1,54624
3,56345;1,24678
4,85828;1,24678
18,8525;1,63996
15,689;1,63996
3,40742;1,15572
4,64917;1,15572
2,76813;0,984569
4,26871;0,984569
14,9396;2,05443
13,4635;2,05443
19,7083;2,39898
18,3507;2,39898
19,8088;2,46204
17,949;2,46204
19,6899;2,3643
18,3101;2,3643
17,2813;4,04588
15,5956;4,04588
18,9835;1,84917
16,7483;1,84917
20,2264;2,36753
17,7314;2,36753
20,0766;2,15277
17,5658;2,15277
19,5406;2,1172
17,5973;2,1172
2,15283;1,54712
3,84484;1,54712
2,60172;1,41111
4,31066;1,41111
2,44539;1,46313
4,15241;1,46313
2,27138;0,683283
0,419717;0,683283
2,17701;0,62495
0,312971;0,62495
17,5644;1,81197
15,6264;1,81197
10,571;1,81229
8,98872;1,81229
0,157989;1,68133
1,54632;1,68133
2,41401;1,30536
3,81788;1,30536
2,42677;1,29498
3,82873;1,29498
2,52376;1,23859
3,92467;1,23859
2,27781;1,63135
3,42069;1,63135
2,41103;1,58733
3,56298;1,58733
2,69243;0,972571
4,16489;0,972571
14,0491;1,11908
13,5292;1,11908
2,14174;1,97932
1,23222;1,97932
13,6943;1,08822
11,6917;1,08822
3,49701;1,16332
4,76521;1,16332
20,2806;1,12518
18,3011;1,12518
17,1918;1,4775
14,8252;1,4775
15,3171;1,20073
14,1059;1,20073
19,5974;1,91356
16,8601;1,91356
2,00662;1,96124
1,0718;1,96124
2,8964;2,0269
2,14615;2,0269
18,3909;4,0292
16,8056;4,0292
20,0141;1,89217
18,1021;1,89217
3,20839;1,2427
4,51796;1,2427
14,8622;2,20939
14,0367;2,20939
23,95;1,981
22,7558;1,981
6,26606;1,50558
6,02112;1,50558
10,1484;2,30783
8,23034;2,30783
7,80922;2,27452
7,9105;2,27452
19,4299;1,72397
16,4522;1,72397
19,0336;1,75535
16,0522;1,75535
0,126725;1,74742
1,20094;1,74742
12,0385;2,11369
11,5179;2,11369
16,6653;2,3001
15,4666;2,3001
18,585;2,35933
17,0776;2,35933
19,7284;2,5877
18,4033;2,5877
2,41032;1,49894
3,95345;1,49894
3,56039;1,09522
5,0575;1,09522
3,26594;1,22557
4,74044;1,22557
3,30321;1,22892
4,54995;1,22892
2,56934;1,22621
3,97799;1,22621
4,2741;2,39212
4,7757;2,39212
2,14193;2,24455
2,24071;2,24455
33,4811;1,91162
30,9624;1,91162
20,0285;1,6567
17,4171;1,6567
20,0998;1,65552
17,4695;1,65552
20,4603;1,41831
18,3738;1,41831
20,5539;1,42217
17,6508;1,42217
18,1452;3,13588
15,9791;3,13588
18,8697;2,75456
16,435;2,75456
7,40684;0,468137
5,48962;0,468137
18,423;1,58288
15,2155;1,58288
20,5023;2,29678
18,403;2,29678
20,154;2,29508
18,5795;2,29508
19,8844;2,21964
17,4053;2,21964
2,53748;1,57247
4,18986;1,57247
19,8422;1,72556
17,0578;1,72556
20,592;2,33607
18,4979;2,33607
3,04339;1,37658
4,67778;1,37658
3,27875;1,27656
4,91513;1,27656
0,665331;2,46164
0,498499;2,46164
1,31179;2,05567
2,66548;2,05567
19,6785;2,45702
17,8815;2,45702
26,9336;1,22908
23,8872;1,22908
19,2026;1,95124
16,4739;1,95124
3,42192;1,13453
4,66262;1,13453
3,50026;1,11417
4,7544;1,11417
19,6046;2,36273
18,2544;2,36273
1,50117;2,6459
0,432123;2,6459
20,2829;2,43228
18,2621;2,43228
19,3499;1,63411
16,327;1,63411
19,1509;1,69893
16,1334;1,69893
2,60021;1,47485
4,01901;1,47485
2,94942;1,28603
4,50956;1,28603
17,3281;1,72033
15,3354;1,72033
13,2821;2,02033
14,1946;2,02033
13,5198;2,02313
12,4339;2,02313
3,46504;1,27088
4,74517;1,27088
2,98217;1,51788
4,24487;1,51788
20,0091;2,11137
17,4881;2,11137
20,5702;1,47962
18,5231;1,47962
20,5715;1,42423
17,6877;1,42423
19,6741;1,11065
16,6566;1,11065
2,6622;1,47724
4,10426;1,47724
2,67061;1,47485
4,1137;1,47485
3,23761;1,18548
4,81088;1,18548
0,4825;2,2652
1,75307;2,2652
3,02343;1,00308
4,23707;1,00308
18,7;1,75725
16,4694;1,75725
0,368003;2,29064
1,62083;2,29064
19,5748;2,03047
16,9386;2,03047
3,70272;2,06469
1,73332;2,06469
7,68101;0,406382
5,72132;0,406382
27,5695;1,25461
25,5843;1,25461
27,6331;1,25164
25,6392;1,25164
16,5308;3,88731
14,864;3,88731
16,5321;3,93632
14,8606;3,93632
18,9706;1,28207
15,6443;1,28207
18,5814;1,46233
17,5001;1,46233
18,6903;2,86382
16,3286;2,86382
19,0632;1,66871
15,9454;1,66871
19,0463;1,51852
15,8184;1,51852
19,9544;2,24472
17,4847;2,24472
18,7762;1,58548
15,6016;1,58548
20,4891;2,41403
18,1125;2,41403
17,9663;3,15263
15,8238;3,15263
2,69632;1,50506
4,33204;1,50506
2,12805;1,71075
3,80192;1,71075
2,77627;1,63255
4,3868;1,63255
2,99218;1,55104
4,59021;1,55104
3,5514;1,14688
4,8305;1,14688
3,12475;1,21483
4,67639;1,21483
3,51191;1,24096
4,79588;1,24096
23,7113;1,8612
21,5834;1,8612
23,6468;1,8443
22,5141;1,8443
3,18924;1,00988
4,67688;1,00988
2,77262;1,13729
4,05963;1,13729
6,73578;2,11748
4,37474;2,11748
10,9981;2,31317
8,73311;2,31317
1,68285;1,87868
2,69125;1,87868
1,2371;2,10636
0,714043;2,10636
0,841069;1,97249
2,4862;1,97249
1,47901;1,86414
3,18048;1,86414
17,7644;2,00418
16,1044;2,00418
16,5459;1,98327
15,1103;1,98327
17,4716;2,20824
16,1135;2,20824
18,7068;2,51217
17,2318;2,51217
0,697833;2,32018
1,95294;2,32018
3,47936;1,27441
5,19167;1,27441
2,67081;1,3848
3,80634;1,3848
3,14122;1,16818
4,32625;1,16818
3,04498;1,10181
4,53243;1,10181
3,39387;1,14842
4,86975;1,14842
2,89439;1,01972
4,07947;1,01972
2,3947;0,727393
0,554523;0,727393
1,54842;1,87878
2,95884;1,87878
0,000664398;2,11859
1,36072;2,11859
2,2597;1,59814
3,66304;1,59814
2,39533;1,48068
3,91818;1,48068
1,42894;2,28216
2,67232;2,28216
4,2381;2,0663
2,24343;2,0663
2,93079;0,948739
4,46013;0,948739
19,5958;1,83109
19,0537;1,83109
27,2842;1,44591
25,4804;1,44591
2,41453;1,51168
3,79795;1,51168
2,63958;1,45804
4,05055;1,45804
20,5153;1,86886
17,9566;1,86886
7,70322;0,39217
5,74183;0,39217
26,7593;1,23907
24,9043;1,23907
21,1617;1,02297
17,5157;1,02297
20,0485;1,75022
17,638;1,75022
20,2802;1,04755
18,0219;1,04755
20,0844;1,9702
17,4948;1,9702
20,2542;1,98031
18,6914;1,98031
3,25755;1,14329
4,82787;1,14329
