2,78236;1,26424
3,79025;1,26424
13,707;1,34944
12,0061;1,34944
14,0361;1,71988
13,3058;1,71988
1,77257;1,18927
35,6057;1,18927
1,10582;0,938369
34,395;0,938369
2,25414;1,44401
1,84779;1,44401
1,80986;1,33281
3,60773;1,33281
14,0306;1,59152
12,7686;1,59152
12,5184;1,51878
13,7972;1,51878
0,44056;1,56773
0,245225;1,56773
20,306;0,35882
20,4075;0,35882
2,39803;1,26486
3,08266;1,26486
16,2545;1,12414
15,1395;1,12414
14,0971;1,40542
12,7573;1,40542
4,26698;0,915143
1,88793;0,915143
13,0722;1,01375
11,424;1,01375
13,6723;2,78193
13,0944;2,78193
3,53069;1,93715
2,86907;1,93715
0,863604;1,99733
1,93917;1,99733
31,828;1,79951
30,5283;1,79951
5,90026;2,38376
5,66351;2,38376
5,38626;0,997992
4,74088;0,997992
3,68011;1,41195
1,16581;1,41195
29,1106;0,581482
27,9837;0,581482
12,3168;1,03363
12,6081;1,03363
22,2761;0,878932
22,5721;0,878932
0,89872;1,24804
0,242952;1,24804
2,29347;1,30281
2,65318;1,30281
1,71832;1,20447
3,0064;1,20447
28,6949;1,03154
27,3319;1,03154
23,4136;1,39914
25,2085;1,39914
0,363684;1,62064
2,43966;1,62064
1,79474;1,72771
2,68415;1,72771
18,0618;2,72893
18,6591;2,72893
18,1267;0,923233
18,6317;0,923233
15,206;0,819005
16,3005;0,819005
3,33397;1,34523
2,49393;1,34523
4,5219;1,42821
4,05059;1,42821
4,48918;1,42437
4,01585;1,42437
1,85751;1,52598
2,80783;1,52598
17,6762;1,43135
16,3943;1,43135
11,7999;2,4797
11,0384;2,4797
8,64701;0,955316
9,75503;0,955316
2,09913;1,0224
2,69149;1,0224
12,1484;1,4256
14,2899;1,4256
12,3044;1,52624
14,6;1,52624
3,66791;1,9068
4,21922;1,9068
7,34229;1,10765
8,31165;1,10765
13,3686;1,21354
15,03;1,21354
9,78843;2,67415
9,83085;2,67415
10,733;1,3814
9,24314;1,3814
2,64097;1,46313
2,06451;1,46313
10,4877;2,78572
11,2512;2,78572
10,873;2,86437
10,3255;2,86437
52,6319;0,697174
52,4042;0,697174
53,1979;0,436559
49,0726;0,436559
6,42598;1,23083
8,7563;1,23083
14,3159;1,44564
12,8622;1,44564
6,41878;2,23922
5,88414;2,23922
12,0215;1,36759
12,8157;1,36759
3,87885;0,521145
4,23538;0,521145
4,36623;1,20577
5,46463;1,20577
1,62714;1,21192
3,04008;1,21192
12,1323;1,11715
11,1139;1,11715
2,65189;0,946467
3,08899;0,946467
8,32393;0,949563
10,8121;0,949563
13,0603;1,32116
13,5667;1,32116
1,67752;1,41042
1,39729;1,41042
13,4763;1,45158
14,425;1,45158
0,780443;1,95585
2,61983;1,95585
17,4427;1,3548
16,8925;1,3548
1,52365;1,35941
2,0675;1,35941
2,23268;0,549652
1,19521;0,549652
1,80184;0,68785
1,59188;0,68785
12,8984;0,695206
10,2826;0,695206
1,97408;1,18597
2,73387;1,18597
2,42883;1,26052
2,93959;1,26052
7,25293;1,18432
6,16351;1,18432
2,49405;1,27196
2,74803;1,27196
1,36465;1,10376
1,93307;1,10376
1,27013;0,992487
2,02151;0,992487
16,4352;1,79853
15,3563;1,79853
4,58794;1,65517
4,29205;1,65517
5,2267;1,68005
5,0136;1,68005
27,72;1,68261
27,5933;1,68261
8,44726;0,514343
8,56085;0,514343
0,0202698;1,14637
1,60769;1,14637
4,08909;2,52274
4,65166;2,52274
2,8642;2,14758
1,82792;2,14758
3,75475;2,89759
4,85345;2,89759
19,2716;1,20496
20,5104;1,20496
15,1026;1,1462
13,7328;1,1462
10,4589;1,20301
11,1611;1,20301
1,7682;1,29059
1,0762;1,29059
14,8531;1,46313
13,9775;1,46313
1,77986;0,707483
1,65677;0,707483
12,5989;1,58165
13,6067;1,58165
15,7612;2,38491
14,9964;2,38491
1,10685;1,79591
1,78711;1,79591
6,01034;2,7396
5,61495;2,7396
8,72503;1,0376
6,52746;1,0376
2,58541;1,76846
2,77911;1,76846
19,1087;2,94955
19,5899;2,94955
2,65998;1,18927
2,13253;1,18927
14,3965;1,41596
13,5581;1,41596
12,6539;1,73731
12,2592;1,73731
13,106;1,80916
12,8673;1,80916
12,9628;0,451108
13,4087;0,451108
3,97599;0,508219
5,08418;0,508219
14,5451;2,23336
12,8016;2,23336
14,7393;1,36673
13,4066;1,36673
7,54838;1,67445
6,77797;1,67445
1,65841;1,8007
0,312108;1,8007
7,15168;1,94622
6,96954;1,94622
8,05487;2,01781
8,72955;2,01781
2,89713;2,7032
3,61922;2,7032
22,8006;0,61992
23,5426;0,61992
4,56405;0,635506
4,76483;0,635506
26,5415;0,478472
26,4421;0,478472
12,5655;1,14586
12,8583;1,14586
11,3261;1,29422
12,8237;1,29422
7,86195;1,10535
9,34532;1,10535
0,610558;2,22695
0,699445;2,22695
9,07845;1,85583
9,16045;1,85583
21,7347;1,92925
20,8239;1,92925
19,1639;1,77883
20,1217;1,77883
10,3946;2,16853
9,29357;2,16853
17,4343;2,16718
16,5048;2,16718
17,0967;1,58375
15,9681;1,58375
17,7465;1,88824
12,7015;1,88824
1,74485;1,66953
1,88535;1,66953
4,00292;2,92128
4,13229;2,92128
1,47762;1,69996
2,03276;1,69996
22,9258;1,13677
24,1596;1,13677
19,5047;1,17803
20,434;1,17803
4,57342;1,13453
3,62397;1,13453
7,66594;1,93553
7,4897;1,93553
15,4168;1,42327
13,9371;1,42327
19,9706;1,25772
18,0971;1,25772
12,713;2,9744
12,9827;2,9744
12,9365;2,96009
13,23;2,96009
13,1223;2,99905
13,4032;2,99905
14,4733;2,95002
14,031;2,95002
12,8638;2,53049
12,4167;2,53049
12,9109;2,46275
12,437;2,46275
11,3651;0,958588
11,1506;0,958588
13,5499;1,38536
13,3945;1,38536
13,5336;1,29437
13,3413;1,29437
11,9066;2,66161
11,7335;2,66161
12,0135;2,69719
11,8558;2,69719
14,1036;1,40542
13,6289;1,40542
14,2879;1,43067
14,0927;1,43067
12,4655;2,79862
12,3612;2,79862
12,9491;2,98714
13,1064;2,98714
3,67824;1,6714
4,31224;1,6714
3,30629;1,54522
3,89793;1,54522
12,8462;1,33486
12,7364;1,33486
2,09344;1,26424
2,53376;1,26424
1,71327;1,06569
1,88794;1,06569
1,466;1,0721
1,84968;1,0721
2,10978;1,06459
2,52583;1,06459
2,23383;1,22621
2,69245;1,22621
2,24791;1,31403
2,72357;1,31403
2,20025;1,36731
2,67084;1,36731
2,34422;1,29815
2,84105;1,29815
2,22307;1,27518
2,69162;1,27518
3,08852;1,61749
3,63004;1,61749
3,0527;1,62414
3,37259;1,62414
2,60808;1,3445
2,91237;1,3445
2,6392;1,23828
2,93091;1,23828
12,3731;2,94051
12,4964;2,94051
13,5902;1,23448
13,0024;1,23448
13,2625;2,84881
12,9183;2,84881
1,66779;0,721992
1,95182;0,721992
8,5142;0,9475
5,38639;0,9475
11,7147;2,87902
12,0135;2,87902
11,864;2,95373
12,0072;2,95373
12,0876;2,92389
12,2536;2,92389
11,5514;2,88324
11,7449;2,88324
10,1113;2,73223
9,77247;2,73223
13,1918;3,03403
13,5093;3,03403
6,83119;1,58251
6,12903;1,58251
9,3346;2,64242
9,36422;2,64242
11,0055;2,09882
10,5127;2,09882
8,88398;1,943
7,8221;1,943
4,12497;2,1603
2,64702;2,1603
1,54448;1,33237
1,74997;1,33237
10,7737;1,53366
9,78643;1,53366
2,22645;1,45104
2,49054;1,45104
14,3552;1,70111
13,2857;1,70111
14,5898;1,72215
13,5577;1,72215
13,0782;1,39788
11,0124;1,39788
14,5259;1,78345
13,319;1,78345
14,7227;1,8792
13,6423;1,8792
10,9144;1,30686
9,03008;1,30686
6,17965;1,11873
5,08557;1,11873
13,8503;1,26114
13,483;1,26114
13,1274;1,25539
12,534;1,25539
13,1896;1,25881
12,6058;1,25881
8,72423;1,59839
7,46824;1,59839
8,06596;2,5627
8,19701;2,5627
12,0086;0,769994
10,8391;0,769994
3,7401;0,565099
4,12268;0,565099
14,06;1,45616
13,8845;1,45616
12,5211;1,69385
11,8567;1,69385
2,4344;1,62498
2,98824;1,62498
2,41956;1,61846
2,97117;1,61846
9,84726;1,76003
8,74676;1,76003
9,7686;1,76492
10,3537;1,76492
9,45866;1,73224
8,23057;1,73224
13,9557;2,90165
13,8463;2,90165
2,44828;1,7381
3,02724;1,7381
2,49669;1,63925
3,06364;1,63925
10,7157;2,75051
10,4907;2,75051
12,5642;1,23416
12,3379;1,23416
12,4759;1,26021
12,2309;1,26021
11,7607;2,85684
12,0414;2,85684
13,6321;2,7206
13,2793;2,7206
3,86741;0,551074
4,20499;0,551074
10,8291;0,48939
11,3757;0,48939
12,6529;1,08552
11,7506;1,08552
14,2958;2,17124
13,2661;2,17124
14,3397;2,16979
13,2877;2,16979
14,7066;1,90351
13,6831;1,90351
1,16692;1,60474
1,39079;1,60474
6,80617;0,445872
7,26502;0,445872
13,563;1,53812
13,8442;1,53812
14,0559;1,66331
14,331;1,66331
19,3267;1,4478
19,7546;1,4478
19,24;1,19796
19,6713;1,19796
8,65025;1,99036
7,7988;1,99036
9,84194;2,07782
7,7485;2,07782
8,72492;1,19436
8,75347;1,19436
2,30525;1,18713
1,92178;1,18713
11,2799;2,37273
12,5842;2,37273
3,88874;1,59324
4,55261;1,59324
2,70679;1,34508
3,02818;1,34508
2,67286;1,2977
2,97711;1,2977
2,68031;1,33881
3,00672;1,33881
3,5306;1,69766
4,12276;1,69766
2,67662;1,29573
3,21656;1,29573
2,62956;1,35393
3,16714;1,35393
2,79827;1,27534
3,13118;1,27534
3,10688;1,43804
3,7111;1,43804
3,08322;1,40695
3,67817;1,40695
13,5272;1,46206
13,4596;1,46206
14,0318;1,54104
13,8951;1,54104
14,159;1,32972
13,6497;1,32972
13,1309;1,10712
12,7927;1,10712
10,582;1,14124
9,15821;1,14124
12,6134;1,38889
12,5743;1,38889
10,3585;2,72965
10,0712;2,72965
10,661;2,73895
10,4099;2,73895
2,0502;1,56473
2,548;1,56473
1,10693;1,63769
1,68165;1,63769
1,32036;1,82542
1,90497;1,82542
13,2071;1,40792
12,1845;1,40792
12,5484;1,39732
11,4153;1,39732
11,9057;1,02812
10,9285;1,02812
12,0245;2,34944
11,6588;2,34944
2,31581;1,30851
2,80959;1,30851
1,84454;1,78279
2,14416;1,78279
10,9982;2,78193
11,1461;2,78193
11,2485;2,91806
11,3709;2,91806
11,3385;2,94411
11,4613;2,94411
13,3195;1,48424
11,5934;1,48424
10,6819;0,930201
8,93369;0,930201
13,5039;1,31135
12,6939;1,31135
12,1063;2,93998
12,3207;2,93998
2,66319;1,2518
3,21177;1,2518
11,0495;2,76088
11,2088;2,76088
11,249;2,85444
11,4357;2,85444
2,16071;1,13367
2,60102;1,13367
2,13186;1,25539
2,57903;1,25539
13,3107;2,82882
13,1537;2,82882
3,04462;1,70226
3,58475;1,70226
3,07343;1,62172
3,3794;1,62172
14,2668;2,08741
13,0964;2,08741
14,5191;2,26693
13,0136;2,26693
14,2493;1,54927
13,6227;1,54927
14,4766;1,55419
13,3679;1,55419
1,08786;2,16039
1,76868;2,16039
1,98815;1,54484
2,47231;1,54484
7,49322;1,1073
7,33147;1,1073
10,3983;2,70277
10,0382;2,70277
10,9172;2,77178
11,1223;2,77178
10,8916;2,76513
11,1585;2,76513
10,8544;2,7834
11,1045;2,7834
9,73118;2,71592
9,35813;2,71592
13,5063;1,20268
12,2675;1,20268
13,479;1,31209
12,9398;1,31209
13,5877;1,28222
13,0427;1,28222
2,241;1,29241
2,71267;1,29241
2,28743;1,3506
2,51225;1,3506
2,45237;1,29965
2,95955;1,29965
2,79056;1,27901
3,10432;1,27901
2,72254;1,35711
3,02823;1,35711
2,85771;0,732753
3,17535;0,732753
1,8724;1,30281
2,30999;1,30281
2,1602;1,57657
2,36671;1,57657
3,30507;1,69985
3,61353;1,69985
4,31291;0,423823
4,15118;0,423823
2,18659;1,61834
2,72848;1,61834
2,41509;1,55771
2,95023;1,55771
2,36885;1,61834
2,9097;1,61834
1,78107;1,70502
2,32184;1,70502
14,8866;1,87847
13,8787;1,87847
14,6793;1,67234
13,6408;1,67234
14,6267;1,75156
13,5815;1,75156
2,1373;1,24395
2,58214;1,24395
2,07384;1,26036
2,50998;1,26036
13,926;1,52303
12,4492;1,52303
14,4864;1,42834
13,9324;1,42834
2,35792;1,47896
2,59345;1,47896
2,02914;1,70514
2,54991;1,70514
10,6304;1,80385
9,66494;1,80385
11,649;2,85588
11,9047;2,85588
13,6463;1,3331
13,4827;1,3331
13,314;1,26207
12,7491;1,26207
2,95649;1,36859
3,30382;1,36859
2,1523;1,42601
2,61834;1,42601
2,17431;1,23875
2,62373;1,23875
2,14116;1,25663
2,58563;1,25663
3,92902;1,67748
4,3445;1,67748
2,73097;1,33706
3,28004;1,33706
13,8196;2,91443
13,6751;2,91443
7,84241;0,869982
3,77025;0,869982
11,3256;2,96821
11,5272;2,96821
11,4874;2,90502
11,6696;2,90502
7,8514;1,25819
6,60897;1,25819
8,41769;1,26594
7,20987;1,26594
5,71776;1,15555
4,3659;1,15555
2,36448;1,49528
2,88565;1,49528
2,35528;1,44212
2,8726;1,44212
14,3161;1,68505
13,1096;1,68505
2,18937;1,49069
2,70372;1,49069
7,17102;1,99812
6,53495;1,99812
2,07005;1,18976
2,48728;1,18976
2,15268;1,22987
2,60195;1,22987
9,80681;2,67715
9,98196;2,67715
2,22548;1,30896
1,81639;1,30896
2,2654;1,24663
2,72261;1,24663
2,31884;1,32441
2,81307;1,32441
10,5353;0,770248
8,27567;0,770248
14,1579;1,23162
14,0282;1,23162
12,1454;0,715458
10,4016;0,715458
4,27168;0,605872
4,31493;0,605872
8,43425;0,595776
8,88312;0,595776
13,6934;2,66675
13,301;2,66675
14,3657;1,42189
14,1193;1,42189
13,5682;1,19354
13,1189;1,19354
11,9331;1,44306
10,841;1,44306
12,264;1,55557
10,4046;1,55557
12,2307;1,20203
11,5564;1,20203
12,54;1,2986
9,75502;1,2986
14,5794;2,22906
12,757;2,22906
13,9228;1,59777
12,5019;1,59777
14,1986;2,27391
12,9934;2,27391
14,0444;2,27055
13,0757;2,27055
14,2521;2,17259
12,828;2,17259
14,7896;1,75435
13,8022;1,75435
14,3873;1,52495
13,2682;1,52495
1,53597;1,70949
2,11;1,70949
2,36411;1,51181
2,8884;1,51181
2,30248;1,56636
2,81526;1,56636
2,67196;1,63183
3,27729;1,63183
9,77261;1,75134
8,6533;1,75134
14,2652;1,56223
13,8773;1,56223
11,0214;1,79896
10,108;1,79896
12,1205;1,81747
11,593;1,81747
12,6894;1,87618
12,336;1,87618
4,43736;1,51827
4,95707;1,51827
1,54169;1,54358
1,99583;1,54358
4,81802;1,44306
15,4743;1,44306
7,271;2,19589
5,52882;2,19589
1,19754;2,04823
1,18573;2,04823
6,35871;1,80667
5,2665;1,80667
8,54189;1,98041
7,82516;1,98041
9,38846;1,28283
8,28788;1,28283
0,923665;1,13987
1,24666;1,13987
0,819701;1,12448
0,687843;1,12448
6,62262;2,46641
6,73438;2,46641
9,41043;2,60542
9,60236;2,60542
7,78103;2,53551
7,92066;2,53551
12,6549;3,03312
12,9902;3,03312
12,6127;2,98596
12,9256;2,98596
4,59792;0,533025
4,32103;0,533025
10,0006;2,71952
10,1248;2,71952
9,96008;2,68161
9,56787;2,68161
11,9831;2,87249
11,8864;2,87249
11,6119;2,82923
11,8257;2,82923
10,5422;2,80896
10,5912;2,80896
11,6439;2,92181
11,7926;2,92181
3,53149;0,911287
2,32456;0,911287
10,7888;1,0792
10,1702;1,0792
10,9319;0,591491
11,4311;0,591491
12,2568;1,2761
11,5648;1,2761
12,3735;1,2986
12,2631;1,2986
12,574;1,3831
12,5436;1,3831
6,40577;1,02984
5,65596;1,02984
1,49861;0,684713
1,81001;0,684713
12,2399;2,69479
12,0923;2,69479
13,5728;2,62286
13,2429;2,62286
13,9239;2,86403
13,5258;2,86403
12,5983;2,98426
12,7238;2,98426
12,9308;1,40583
12,8878;1,40583
13,2937;1,4432
13,2405;1,4432
11,3447;2,67613
11,1944;2,67613
4,1633;1,47499
4,88012;1,47499
0,180684;1,02393
0,00790595;1,02393
2,7069;0,643158
3,02934;0,643158
2,70957;0,527119
3,04358;0,527119
2,82468;1,61471
3,10419;1,61471
2,7495;1,61592
3,0226;1,61592
1,98129;1,63769
2,15281;1,63769
1,98217;1,64758
2,16278;1,64758
2,20857;1,5087
2,41777;1,5087
3,11639;1,43368
3,71803;1,43368
3,60667;1,4924
4,2635;1,4924
3,92773;1,53901
4,59416;1,53901
2,39184;1,2438
2,88922;1,2438
2,34503;1,2718
2,82717;1,2718
2,0402;1,18366
2,25478;1,18366
1,69469;1,08408
1,87678;1,08408
2,39492;1,25023
2,89197;1,25023
2,28158;1,21289
2,74401;1,21289
2,08947;1,16835
2,51893;1,16835
2,01485;1,10163
2,21187;1,10163
2,10935;1,18861
2,31596;1,18861
3,63354;1,2992
3,38871;1,2992
2,38128;1,22269
2,876;1,22269
3,19279;0,678974
3,54476;0,678974
14,2629;3,05185
14,4268;3,05185
13,964;2,96115
13,8935;2,96115
1,89002;0,769231
1,77362;0,769231
10,0914;2,69261
10,3322;2,69261
12,4465;2,91383
12,5867;2,91383
0,524891;1,27962
0,311551;1,27962
5,74029;1,23162
4,55669;1,23162
12,0496;1,77045
12,4691;1,77045
12,8625;1,76469
12,4526;1,76469
3,17187;2,20939
3,01011;2,20939
7,60913;2,09097
7,02037;2,09097
10,4532;1,92945
9,75894;1,92945
1,74028;1,6496
2,25489;1,6496
14,157;2,30248
13,1553;2,30248
15,125;1,89279
14,3425;1,89279
12,7425;1,65304
10,694;1,65304
12,5518;1,49305
11,4786;1,49305
14,3365;2,27598
13,1756;2,27598
13,2411;1,2681
11,9058;1,2681
14,347;1,26887
13,5769;1,26887
10,973;1,41485
8,33776;1,41485
14,5729;1,51168
14,2823;1,51168
12,865;2,57793
12,46;2,57793
13,088;2,63916
12,6637;2,63916
14,451;1,44266
13,9928;1,44266
13,2492;1,08083
12,2311;1,08083
13,437;2,29976
12,7448;2,29976
10,8636;0,504354
10,4784;0,504354
12,8641;0,796722
12,359;0,796722
15,258;0,629939
15,5751;0,629939
20,0859;1,31179
19,5777;1,31179
