24,9849;1,25117
24,4695;1,25117
33,7138;2,92998
35,6627;2,92998
34,1303;2,98419
36,0718;2,98419
7,05982;3,13269
6,94844;3,13269
31,9941;2,70001
33,459;2,70001
16,5898;3,27417
16,6756;3,27417
14,8871;3,10028
15,3367;3,10028
14,6173;3,45309
14,7867;3,45309
10,6375;2,73287
10,8063;2,73287
11,8488;2,85465
11,9484;2,85465
4,21571;1,95925
4,16987;1,95925
20,498;3,50303
20,7196;3,50303
2,47548;1,93816
2,41419;1,93816
2,36031;1,9429
2,29146;1,9429
15,6647;3,45094
15,9842;3,45094
25,4668;1,22093
24,6775;1,22093
38,4721;1,52688
36,9532;1,52688
16,2706;1,00171
15,5309;1,00171
37,3394;2,21806
38,5645;2,21806
37,2049;2,21991
38,426;2,21991
23,4489;1,52739
23,4051;1,52739
22,3591;1,06202
22,2189;1,06202
2,83373;2,04383
2,93124;2,04383
14,7218;3,05774
14,859;3,05774
11,134;2,74067
11,3128;2,74067
18,0383;1,52033
18,7933;1,52033
23,6107;1,48306
24,2467;1,48306
52,7725;1,70226
51,5338;1,70226
16,2161;3,22956
16,3457;3,22956
0,297162;1,77872
0,113308;1,77872
11,5773;2,88663
11,5442;2,88663
52,8753;2,76923
52,5218;2,76923
52,3754;2,82556
53,5915;2,82556
63,2076;2,02526
61,3267;2,02526
63,054;2,02265
61,4532;2,02265
10,6144;2,7975
10,2551;2,7975
14,2661;3,43017
14,5215;3,43017
14,9635;3,51441
15,2345;3,51441
3,49005;2,00974
3,44287;2,00974
35,4905;1,59594
35,4688;1,59594
31,5343;1,33237
31,9375;1,33237
13,5576;2,78319
13,7302;2,78319
10,1102;2,66168
10,3668;2,66168
26,617;1,23035
26,5585;1,23035
28,9738;1,15471
28,9795;1,15471
16,4063;0,923869
16,3036;0,923869
8,28714;2,03702
8,35602;2,03702
30,8173;0,891971
30,0249;0,891971
35,1163;3,20955
35,2745;3,20955
10,506;2,80631
10,5079;2,80631
14,5694;3,05902
14,97;3,05902
12,8832;2,87085
12,6418;2,87085
13,4035;2,92094
13,2294;2,92094
45,9928;2,27744
47,3166;2,27744
44,8902;2,10422
46,0976;2,10422
48,7905;1,75613
48,7869;1,75613
49,4333;1,86425
49,1847;1,86425
15,5128;3,47266
15,8912;3,47266
54,3846;1,91785
55,2102;1,91785
11,6402;2,90414
12,1026;2,90414
12,0733;2,95446
12,5692;2,95446
24,0258;1,51414
23,6459;1,51414
52,4408;2,83649
53,653;2,83649
26,5827;1,25023
26,0967;1,25023
23,2006;1,50376
22,9443;1,50376
21,124;1,56523
20,8771;1,56523
8,37322;2,47172
8,61444;2,47172
9,91011;2,68941
10,3657;2,68941
10,2601;2,65653
10,7882;2,65653
17,3274;3,45899
18,0973;3,45899
14,645;3,36412
15,3825;3,36412
45,2585;2,24236
44,1371;2,24236
34,746;3,131
37,5124;3,131
34,7305;3,12938
35,2167;3,12938
1,20951;1,86067
0,197553;1,86067
5,08252;2,11063
4,00785;2,11063
7,966;1,4278
7,54496;1,4278
6,55235;1,48504
6,16635;1,48504
36,1814;1,67806
37,6328;1,67806
36,2187;1,67573
37,6696;1,67573
4,22748;1,94561
4,24853;1,94561
0,307362;1,76148
1,25445;1,76148
13,1516;1,44103
13,2024;1,44103
35,9615;1,39662
34,9309;1,39662
58,7071;1,62148
60,0315;1,62148
30,5521;0,855466
29,7518;0,855466
31,1273;0,735419
31,2161;0,735419
25,1753;0,920261
25,3493;0,920261
28,8542;1,15995
28,2634;1,15995
22,7406;1,56648
22,989;1,56648
22,6221;1,56723
21,937;1,56723
30,8816;0,968942
30,0652;0,968942
25,1746;1,21112
25,5889;1,21112
22,6154;1,1727
22,8645;1,1727
22,7459;1,16936
22,9994;1,16936
14,7236;3,24691
15,323;3,24691
16,2846;3,51129
15,4624;3,51129
15,8513;3,46261
16,6865;3,46261
24,1025;1,46447
23,4794;1,46447
44,3872;2,09667
45,8984;2,09667
13,7732;2,96729
13,9194;2,96729
13,2548;2,92476
13,4534;2,92476
12,8074;2,88154
12,9718;2,88154
48,2792;2,94829
49,1213;2,94829
48,2598;2,94211
49,1104;2,94211
23,2055;3,52964
24,24;3,52964
12,1797;2,96676
12,6408;2,96676
12,0726;2,95559
12,5714;2,95559
22,3116;1,15893
22,5894;1,15893
33,0984;3,29354
34,3268;3,29354
10,5693;2,65771
11,123;2,65771
50,7466;1,43722
51,0109;1,43722
16,0796;3,22744
16,577;3,22744
16,5898;3,28545
17,1089;3,28545
35,5289;2,08497
37,0238;2,08497
35,4405;2,08891
36,9384;2,08891
35,4846;2,08694
36,9811;2,08694
15,024;3,43285
15,7925;3,43285
10,1292;2,47164
9,12613;2,47164
8,08162;2,06071
8,36859;2,06071
15,875;1,39086
15,9491;1,39086
14,9481;1,42161
13,891;1,42161
22,1768;1,53812
21,9595;1,53812
8,68178;2,48183
9,18492;2,48183
49,1792;1,95995
50,6141;1,95995
23,316;1,56748
22,7411;1,56748
24,3597;1,52739
23,7778;1,52739
45,0048;2,13029
46,5669;2,13029
26,7045;1,23448
27,1687;1,23448
8,26733;1,33662
8,28733;1,33662
35,7791;2,85794
37,7364;2,85794
33,6135;2,93091
35,9633;2,93091
33,84;2,95711
36,1093;2,95711
14,6551;3,36494
15,2946;3,36494
13,0138;2,89935
13,1361;2,89935
13,4393;2,94011
13,599;2,94011
12,0202;2,77227
12,3923;2,77227
12,1803;2,96042
12,6956;2,96042
11,9635;3,0548
12,2302;3,0548
11,9608;2,94337
12,1463;2,94337
12,3686;2,99944
12,8184;2,99944
9,7459;2,56643
10,2786;2,56643
17,074;3,43895
17,8227;3,43895
17,2913;3,45496
18,0736;3,45496
21,2016;1,34115
20,4616;1,34115
1,93702;1,92752
2,41598;1,92752
13,7828;2,26114
14,0679;2,26114
17,6133;0,942531
16,6188;0,942531
21,1565;1,70709
21,6181;1,70709
21,6698;1,72986
21,0642;1,72986
31,916;0,893067
31,8344;0,893067
33,0083;0,855237
32,1323;0,855237
25,8489;1,25616
25,349;1,25616
12,9584;3,43855
13,5873;3,43855
15,2483;3,41512
14,3563;3,41512
47,7992;2,14165
46,8936;2,14165
10,6963;2,65969
11,2612;2,65969
8,02267;2,4532
8,46893;2,4532
9,26792;2,71166
9,24347;2,71166
11,5799;2,76244
11,504;2,76244
11,0976;2,86594
11,2044;2,86594
14,9248;3,40237
15,6248;3,40237
20,4837;3,57226
21,3529;3,57226
33,1946;0,623068
33,071;0,623068
35,6237;2,08272
37,1184;2,08272
34,4258;1,34639
32,3865;1,34639
16,9135;3,42148
17,6547;3,42148
21,3339;1,73404
20,6485;1,73404
13,9109;3,38298
14,4001;3,38298
11,4092;2,89266
11,8298;2,89266
21,3464;1,55784
21,0816;1,55784
45,4202;2,25168
47,0391;2,25168
45,6891;2,28953
47,3607;2,28953
14,9885;3,41203
15,7418;3,41203
14,9733;3,41925
15,7501;3,41925
15,2283;3,43433
16,0213;3,43433
29,1627;1,13849
28,5396;1,13849
29,3248;1,13419
28,7089;1,13419
3,22408;2,0269
3,4283;2,0269
2,51076;1,96154
1,43077;1,96154
36,1425;1,68051
37,5944;1,68051
31,6274;0,83486
30,83;0,83486
21,66;1,69489
21,2136;1,69489
21,3914;1,70272
20,94;1,70272
23,0787;1,64163
22,612;1,64163
14,6537;3,37794
15,3194;3,37794
17,7826;3,41799
16,7737;3,41799
11,3455;3,12781
11,5836;3,12781
13,4756;3,47497
14,2264;3,47497
12,4425;3,18082
13,0596;3,18082
11,8574;3,11609
12,455;3,11609
31,7492;2,69406
31,1953;2,69406
12,8729;2,89022
13,2363;2,89022
41,8822;2,63061
41,3828;2,63061
39,4176;2,65616
41,5187;2,65616
16,0516;3,4995
16,8759;3,4995
23,6765;1,53123
23,3278;1,53123
31,0943;0,878264
30,2986;0,878264
31,9635;0,866375
31,1283;0,866375
12,6111;2,86143
12,6989;2,86143
10,3962;2,79246
10,3551;2,79246
9,76919;2,74688
9,74758;2,74688
11,2544;2,8833
11,6415;2,8833
44,1962;2,09499
45,6991;2,09499
0,312078;1,77321
0,182348;1,77321
3,22452;2,0422
4,87934;2,0422
19,7445;0,704434
18,9897;0,704434
8,78509;1,88003
9,10496;1,88003
25,8667;0,710243
25,6152;0,710243
61,8405;2,02023
62,7596;2,02023
49,0522;1,87492
50,0073;1,87492
11,0356;2,84565
11,0596;2,84565
23,055;3,50135
24,0339;3,50135
26,3941;1,39886
25,7958;1,39886
44,7457;2,12836
46,301;2,12836
49,1495;2,20496
50,345;2,20496
35,3111;1,71623
35,9215;1,71623
56,6657;1,83664
57,6154;1,83664
55,0834;2,24707
56,1061;2,24707
59,4975;2,10385
60,3588;2,10385
48,2934;2,9536
49,1306;2,9536
48,2219;2,95081
49,1298;2,95081
12,946;2,88514
12,996;2,88514
10,6761;2,82743
10,7471;2,82743
9,36711;2,83297
9,45645;2,83297
7,89213;2,72275
9,45752;2,72275
12,8987;3,14062
13,2197;3,14062
10,2372;2,90859
10,4073;2,90859
12,8229;3,22731
13,5032;3,22731
7,58051;2,45575
7,98341;2,45575
8,28319;2,4767
8,75115;2,4767
3,824;2,15704
4,17015;2,15704
10,6084;2,77636
11,0846;2,77636
46,32;2,32742
48,2281;2,32742
39,1838;2,61771
41,1671;2,61771
45,2648;2,25429
44,1703;2,25429
42,5105;2,28893
41,7938;2,28893
42,5633;2,26131
44,2323;2,26131
46,2635;2,30927
48,0738;2,30927
46,0107;2,30027
47,8011;2,30027
48,4203;2,16736
50,1309;2,16736
48,5338;2,21099
48,018;2,21099
15,6068;3,45389
16,4177;3,45389
19,349;3,38564
19,9121;3,38564
12,5381;3,37939
13,1357;3,37939
14,8828;3,41059
15,6328;3,41059
35,2358;3,26069
36,206;3,26069
33,6;2,93024
35,9727;2,93024
11,8107;1,16332
12,1439;1,16332
49,0853;1,66953
52,0052;1,66953
34,7782;1,36027
35,3946;1,36027
37,8201;1,61034
36,0536;1,61034
28,2623;1,09343
27,5528;1,09343
27,696;1,19649
28,0944;1,19649
31,1795;0,990316
30,3806;0,990316
32,3097;0,86818
31,4108;0,86818
27,7894;1,28024
27,2904;1,28024
23,1294;1,35768
22,7746;1,35768
23,2482;1,50246
23,5875;1,50246
25,8606;1,35451
25,2754;1,35451
22,2694;1,7064
21,6703;1,7064
22,9006;1,60486
22,5007;1,60486
21,7158;1,69084
21,2376;1,69084
22,8791;1,64663
22,4082;1,64663
24,0255;1,45266
23,5815;1,45266
14,8326;1,50506
14,9258;1,50506
2,34368;1,69362
2,06123;1,69362
6,38362;1,50142
6,01149;1,50142
0,26128;1,79896
0,215235;1,79896
36,3567;1,67058
37,8082;1,67058
12,0603;0,849958
11,2496;0,849958
23,3518;0,924715
25,1521;0,924715
21,8467;0,861392
20,9958;0,861392
7,33266;0,780845
6,74877;0,780845
14,8064;1,18927
14,2482;1,18927
7,54635;1,43491
8,30033;1,43491
20,5618;1,46019
19,7833;1,46019
32,7497;0,693516
31,8698;0,693516
33,4326;0,653719
32,4874;0,653719
28,2437;0,843023
28,3853;0,843023
28,9616;1,09146
29,1891;1,09146
3,28757;0,890214
4,01207;0,890214
34,5947;3,08807
34,8679;3,08807
33,8017;2,95148
36,1264;2,95148
47,993;2,92904
51,1782;2,92904
48,1388;2,96273
48,8274;2,96273
44,2442;2,55221
46,325;2,55221
44,3185;2,5591
46,4398;2,5591
51,9533;2,75591
54,7042;2,75591
54,3151;2,72434
54,7972;2,72434
49,0241;2,37751
51,3093;2,37751
12,3007;2,99663
12,6707;2,99663
31,7048;2,69086
31,131;2,69086
30,1293;2,79722
32,1007;2,79722
38,596;3,07549
40,3636;3,07549
11,7231;0,690688
11,2813;0,690688
62,0113;1,67806
62,5255;1,67806
28,5624;1,04418
27,8241;1,04418
1,4643;1,65102
1,3653;1,65102
