10,812;0,742831
8,84931;0,742831
11,6353;0,664408
10,2629;0,664408
18,2992;2,43035
19,1014;2,43035
25,0235;2,44096
25,2637;2,44096
0,468118;0,574713
1,53098;0,574713
2,99899;1,54472
4,76996;1,54472
18,412;2,40143
19,1809;2,40143
11,6157;0,678397
9,948;0,678397
11,5181;0,667053
10,1832;0,667053
0,258099;1,77432
0,239795;1,77432
3,16178;2,01664
3,24946;2,01664
1,46296;1,89321
1,55469;1,89321
5,19785;2,24263
5,30471;2,24263
12,3309;0,454995
11,9148;0,454995
12,2803;0,459701
11,9095;0,459701
10,4048;0,86071
9,99637;0,86071
13,0631;0,650719
12,5819;0,650719
2,96287;1,82649
2,60071;1,82649
12,9702;0,537048
10,9719;0,537048
6,01525;2,0948
6,25494;2,0948
19,6737;3,34035
20,5716;3,34035
3,07546;1,14415
3,51202;1,14415
16,0231;1,95975
16,8931;1,95975
17,0286;1,81391
18,0047;1,81391
13,4487;1,73325
11,8195;1,73325
4,81951;1,15877
3,63719;1,15877
12,58;0,466042
12,0898;0,466042
13,5734;2,19053
14,1774;2,19053
6,9727;3,15207
6,56222;3,15207
8,33962;1,893
7,75955;1,893
2,50123;1,86509
1,80185;1,86509
13,0617;0,527119
12,905;0,527119
0,764949;0,44937
0,961949;0,44937
4,36442;1,18548
5,10141;1,18548
22,0121;1,61653
23,8121;1,61653
2,4852;1,80732
3,6685;1,80732
1,05635;1,63315
0,295773;1,63315
1,88562;1,71862
1,10286;1,71862
8,37087;0,916212
8,007;0,916212
12,1778;0,603931
10,7718;0,603931
16,0916;0,541764
15,6234;0,541764
15,7708;0,534857
15,4459;0,534857
25,9319;2,23773
25,7851;2,23773
25,4045;2,22167
24,4396;2,22167
31,7162;1,69858
33,536;1,69858
25,3402;1,68957
27,936;1,68957
11,7;0,646798
10,8677;0,646798
0,556282;1,21434
0,0723099;1,21434
2,27223;1,26826
1,7176;1,26826
0,734813;1,63135
1,12838;1,63135
4,16362;1,75903
3,19001;1,75903
17,3731;1,82874
18,2111;1,82874
30,991;2,20514
29,4973;2,20514
30,461;1,93775
29,5272;1,93775
0,536634;1,33193
0,065832;1,33193
1,49278;1,25461
1,11798;1,25461
19,8872;2,56086
20,3488;2,56086
15,3872;0,658194
12,462;0,658194
65,0898;1,5193
66,7246;1,5193
37,5542;1,64187
38,7894;1,64187
12,8163;1,72567
11,6949;1,72567
19,3055;2,43293
16,8813;2,43293
19,0603;2,42366
16,6032;2,42366
17,5897;1,80894
16,4684;1,80894
16,4214;0,465622
15,0314;0,465622
6,92642;2,14009
7,19681;2,14009
21,2261;2,94258
21,6989;2,94258
16,5595;0,884702
15,7386;0,884702
18,3285;1,38169
18,3273;1,38169
8,35637;1,58597
7,79656;1,58597
13,6363;1,86425
13,8633;1,86425
2,37978;1,67421
2,58532;1,67421
14,7334;1,92173
15,1522;1,92173
17,7061;1,35205
17,4648;1,35205
8,55735;1,23701
7,23682;1,23701
2,97517;2,11933
3,17757;2,11933
2,81354;1,43422
2,30449;1,43422
2,15432;1,35999
1,6542;1,35999
0,608755;1,77597
0,966773;1,77597
4,21451;1,49829
3,65002;1,49829
37,4117;1,42395
39,8593;1,42395
8,3247;0,86615
9,66034;0,86615
15,6304;0,972973
17,2009;0,972973
19,8963;1,47803
21,6424;1,47803
20,3278;1,52995
20,6003;1,52995
14,6841;2,86286
15,8141;2,86286
15,9002;2,24672
16,6068;2,24672
25,7836;1,65765
27,5748;1,65765
18,7899;3,4353
19,7722;3,4353
15,5309;1,80743
16,1251;1,80743
5,10512;1,22285
4,78782;1,22285
2,72983;1,44956
2,39063;1,44956
25,9047;1,78509
26,8401;1,78509
3,7663;1,20057
3,18672;1,20057
2,40887;1,29331
1,86887;1,29331
6,11122;1,04642
5,41962;1,04642
11,1486;0,72793
9,70072;0,72793
12,2322;0,658194
10,7458;0,658194
13,6915;0,723617
12,8726;0,723617
5,03334;1,10836
4,40281;1,10836
11,0211;0,686711
10,1081;0,686711
20,8865;3,18604
21,626;3,18604
8,12848;2,09088
8,2607;2,09088
4,28135;1,4201
3,72851;1,4201
16,9801;0,855237
16,1345;0,855237
3,75666;1,8743
3,88314;1,8743
18,0338;2,43984
19,4018;2,43984
18,0079;2,41379
19,3702;2,41379
18,1392;2,47662
19,5336;2,47662
17,5458;0,777832
16,1612;0,777832
16,2908;0,956135
15,5047;0,956135
19,3681;2,53744
20,7213;2,53744
20,9519;3,03667
21,4768;3,03667
21,0191;3,03345
21,5311;3,03345
0,49283;1,60937
0,903754;1,60937
19,4647;2,6784
20,6215;2,6784
16,9139;0,738075
15,9951;0,738075
16,8071;0,727393
15,426;0,727393
8,78832;1,67
8,43533;1,67
2,65231;2,01276
1,64506;2,01276
2,15383;1,98041
2,46587;1,98041
4,50178;1,31982
3,94508;1,31982
28,8077;1,61313
29,5552;1,61313
17,9744;2,34702
19,2456;2,34702
17,4354;1,87127
18,43;1,87127
17,8477;2,39089
17,7395;2,39089
19,7429;4,18044
20,6692;4,18044
1,93079;1,25101
1,37237;1,25101
16,0359;2,26581
16,7655;2,26581
18,593;2,27469
19,4544;2,27469
18,7418;2,31393
19,6314;2,31393
20,783;3,18838
21,6249;3,18838
4,0359;1,893
4,11307;1,893
3,09672;1,70686
3,24052;1,70686
7,57717;1,92346
7,5378;1,92346
0,168293;1,8393
0,565201;1,8393
0,232081;1,84536
0,623822;1,84536
1,02967;1,92935
0,336257;1,92935
0,0835912;1,92966
0,354203;1,92966
1,52372;1,48977
0,182104;1,48977
20,3615;2,71476
21,5791;2,71476
20,2683;3,29557
21,1426;3,29557
20,2654;3,29045
21,1572;3,29045
0,536348;2,051
0,876413;2,051
15,4016;2,3395
15,9308;2,3395
15,8348;2,38803
16,4172;2,38803
0,639807;1,6797
0,205519;1,6797
18,7172;2,15813
19,756;2,15813
6,99333;0,655811
8,723;0,655811
8,92111;0,744673
10,1813;0,744673
10,007;0,753295
11,2572;0,753295
20,8865;3,1826
21,674;3,1826
20,0957;3,22713
20,9565;3,22713
1,97375;1,87471
2,23818;1,87471
17,8153;3,34059
18,0776;3,34059
20,8823;3,18242
21,6425;3,18242
14,6872;2,85718
15,804;2,85718
1,39996;1,28131
0,86079;1,28131
19,1318;2,42947
20,0967;2,42947
19,8403;1,47538
20,0325;1,47538
15,4594;1,97912
15,9465;1,97912
9,97776;1,94993
9,8105;1,94993
11,8475;2,68824
12,5963;2,68824
12,9099;2,65321
12,1039;2,65321
28,9289;1,79013
29,9263;1,79013
29,0024;1,89692
30,0538;1,89692
25,9387;1,7807
26,8474;1,7807
26,0317;1,88097
26,9484;1,88097
11,5703;0,624637
10,7261;0,624637
13,6542;2,0296
13,9981;2,0296
2,8419;1,80916
3,0403;1,80916
27,9498;1,19075
29,7153;1,19075
4,66513;1,17286
4,02975;1,17286
1,58851;1,41416
1,043;1,41416
17,0353;1,81154
17,0252;1,81154
11,7572;2,82272
12,7217;2,82272
3,0885;1,49789
2,55941;1,49789
3,8946;1,43149
2,52661;1,43149
2,96056;1,42875
2,45185;1,42875
4,42195;2,08413
4,56396;2,08413
4,30797;2,06516
4,48444;2,06516
1,59652;1,90588
1,71515;1,90588
17,3923;1,02603
16,6657;1,02603
29,4504;1,90146
31,527;1,90146
7,04053;2,14849
7,29468;2,14849
5,89684;2,1908
6,2571;2,1908
5,1121;2,14603
5,48331;2,14603
10,4315;0,65611
9,54986;0,65611
1,91738;1,25492
1,36044;1,25492
3,32706;1,58165
2,80956;1,58165
36,5209;1,21434
38,7896;1,21434
25,3064;1,53097
26,1542;1,53097
20,4474;3,34
21,411;3,34
12,0337;1,78871
12,0157;1,78871
9,01814;0,903307
7,62318;0,903307
7,19758;1,01722
6,50314;1,01722
26,0475;1,97724
27,0441;1,97724
0,349666;1,99655
0,183197;1,99655
2,41392;1,99282
2,744;1,99282
4,79574;1,17186
4,15999;1,17186
1,66774;1,39858
1,11487;1,39858
2,91231;1,83206
3,07869;1,83206
10,2415;0,757698
9,39031;0,757698
11,7852;0,648309
10,4138;0,648309
11,6841;0,639802
10,7555;0,639802
10,3214;0,750692
9,46301;0,750692
29,3905;1,63267
31,4529;1,63267
19,3254;2,4864
19,7544;2,4864
0,667376;1,66929
1,01501;1,66929
0,898358;1,70008
1,21509;1,70008
1,07547;1,70537
1,3906;1,70537
17,8316;2,27271
19,0783;2,27271
1,40758;1,25289
1,91735;1,25289
0,0583606;1,24411
0,691316;1,24411
19,5467;2,56971
20,8064;2,56971
19,0283;2,31604
20,2714;2,31604
29,9247;1,72283
31,7862;1,72283
18,9925;1,03022
20,6775;1,03022
29,6027;1,68702
30,6672;1,68702
16,0148;1,04042
14,681;1,04042
20,691;2,89861
22,1139;2,89861
20,7616;2,95685
21,22;2,95685
19,193;0,829687
20,8797;0,829687
22,1424;3,05576
22,7697;3,05576
19,2344;2,87889
20,5419;2,87889
19,0522;2,80121
20,3389;2,80121
21,9021;2,8116
22,1517;2,8116
19,8687;2,76796
21,1384;2,76796
24,224;1,00814
24,1649;1,00814
29,896;2,06782
32,1838;2,06782
25,5647;2,53335
26,078;2,53335
26,7673;2,05785
28,0389;2,05785
26,9134;2,29559
28,2873;2,29559
20,4895;3,1169
21,3292;3,1169
19,3062;2,54545
20,714;2,54545
23,0732;2,57496
24,4166;2,57496
23,9999;2,61232
25,4576;2,61232
19,2367;3,30677
20,2055;3,30677
18,6817;3,4165
19,6359;3,4165
16,9078;0,885365
16,0952;0,885365
4,03486;1,59065
2,71354;1,59065
2,18035;1,65647
1,67959;1,65647
0,257359;1,94189
0,522043;1,94189
22,7951;1,88326
23,4334;1,88326
15,7827;0,684141
14,3787;0,684141
17,2753;0,716825
16,3559;0,716825
16,7692;1,00619
15,4212;1,00619
16,0046;1,00911
15,2245;1,00911
11,6441;0,57946
10,7272;0,57946
6,4947;0,760018
6,63605;0,760018
3,92604;0,77101
4,20012;0,77101
8,15063;3,12406
9,49559;3,12406
24,9772;1,88969
26,0955;1,88969
13,1052;0,571298
12,2388;0,571298
16,4176;0,87581
15,0264;0,87581
17,0889;0,778838
16,1572;0,778838
1,93349;2,14858
2,27685;2,14858
4,15771;2,18865
4,38637;2,18865
4,18537;0,49614
3,1664;0,49614
26,7063;1,87524
27,9038;1,87524
28,9082;1,76968
30,9143;1,76968
29,0266;1,88388
30,0248;1,88388
10,4023;3,09288
10,1313;3,09288
5,57394;2,18194
5,55058;2,18194
2,96919;1,29135
2,37484;1,29135
8,31183;0,665585
9,90521;0,665585
4,41657;1,20431
3,8408;1,20431
4,42971;1,22461
3,86855;1,22461
15,3703;1,70766
16,1112;1,70766
29,3996;2,09677
30,703;2,09677
19,4207;2,54806
20,4897;2,54806
1,07589;0,741249
2,83251;0,741249
9,79106;2,0569
9,85159;2,0569
21,9851;1,67655
23,8117;1,67655
22,4525;1,75323
24,2728;1,75323
4,17122;2,4812
4,83164;2,4812
17,0953;0,741777
16,1762;0,741777
17,8078;0,704989
16,8553;0,704989
18,6013;0,827562
20,004;0,827562
31,1642;1,02087
33,3702;1,02087
20,4446;3,30168
21,3605;3,30168
20,1016;2,87855
21,4921;2,87855
7,84212;1,64758
7,48731;1,64758
0,816755;0,584168
1,04755;0,584168
24,0888;1,54674
24,8438;1,54674
25,6078;1,51749
26,5389;1,51749
3,04316;2,00047
3,15783;2,00047
2,37945;1,24348
1,81405;1,24348
1,6466;1,61749
1,18554;1,61749
12,6569;0,545722
11,6624;0,545722
6,77929;2,23738
7,19398;2,23738
6,86026;2,24175
7,28826;2,24175
17,769;2,19722
18,9115;2,19722
2,85123;1,33984
1,47846;1,33984
25,9121;0,987744
26,0182;0,987744
7,96728;0,694925
9,46363;0,694925
12,8019;0,579122
11,7287;0,579122
7,1306;1,30746
6,50257;1,30746
1,84628;0,770756
3,57628;0,770756
25,3386;1,56898
25,7642;1,56898
15,9368;1,05703
14,5836;1,05703
16,8127;0,732753
15,7855;0,732753
16,7787;0,627138
15,6886;0,627138
24,8268;1,3969
25,4722;1,3969
24,8728;1,78893
25,6184;1,78893
33,2882;1,7607
35,6602;1,7607
25,1366;2,0074
26,2002;2,0074
31,4377;1,43313
33,5656;1,43313
17,2205;1,91141
18,0837;1,91141
18,0087;2,40094
17,7355;2,40094
17,9456;2,41022
18,8609;2,41022
19,5132;2,73137
20,7509;2,73137
8,26835;2,65432
7,45751;2,65432
8,86265;2,24542
9,23696;2,24542
16,6435;2,359
17,4666;2,359
11,7851;2,17187
12,0359;2,17187
14,3486;2,80156
13,8815;2,80156
13,7586;2,75499
14,745;2,75499
28,171;1,2599
28,565;1,2599
24,6171;2,30461
25,8019;2,30461
13,7975;1,23575
15,4549;1,23575
0,515298;1,61374
0,927448;1,61374
4,42947;2,20416
4,6972;2,20416
20,7164;3,13
22,3746;3,13
19,2896;2,58467
19,8903;2,58467
24,6362;2,47552
25,1901;2,47552
23,6603;2,85979
24,1828;2,85979
22,4665;2,80121
24,0659;2,80121
25,7235;2,40794
26,0338;2,40794
21,7863;2,77192
23,0602;2,77192
24,9723;1,5035
25,5918;1,5035
5,4575;1,04399
5,44708;1,04399
1,79669;1,22621
1,14387;1,22621
