8,49125;2,53837
8,61133;2,53837
9,41878;2,60654
9,58447;2,60654
35,598;1,3855
37,2405;1,3855
2,79631;2,25845
2,05991;2,25845
28,9798;2,43188
29,2416;2,43188
28,9287;2,42931
29,1972;2,42931
4,25969;2,37875
4,15938;2,37875
6,27497;2,50335
6,27179;2,50335
52,1188;2,15077
51,9927;2,15077
24,5849;1,05425
24,926;1,05425
11,326;3,01045
11,8729;3,01045
11,027;2,98242
11,5449;2,98242
0,891291;1,88927
0,165405;1,88927
0,417711;1,88679
0,125377;1,88679
0,822653;1,86928
0,187658;1,86928
0,467301;1,91867
0,973419;1,91867
0,994179;2,70154
1,19381;2,70154
1,19917;2,68824
0,433497;2,68824
6,21415;2,42115
6,65506;2,42115
10,1946;2,91564
9,00325;2,91564
1,1199;2,6998
0,361316;2,6998
4,73944;2,29738
5,16738;2,29738
6,15548;2,40355
6,6222;2,40355
45,6533;2,2614
45,1314;2,2614
14,2044;2,84806
14,4835;2,84806
7,28402;2,45878
7,28132;2,45878
52,3787;1,58733
51,2341;1,58733
0,166027;1,86215
0,431751;1,86215
33,9133;1,3281
35,5221;1,3281
28,5851;2,17349
27,9077;2,17349
28,7112;2,18122
28,0517;2,18122
29,0829;2,45527
29,4465;2,45527
17,4358;0,878042
17,8655;0,878042
17,6273;2,86273
16,4929;2,86273
9,5593;3,0849
10,0392;3,0849
9,40677;3,06254
9,84797;3,06254
27,3908;2,62301
26,3582;2,62301
27,3009;2,61629
26,2683;2,61629
0,597381;1,59287
15,286;1,59287
11,7257;3,01844
10,5505;3,01844
11,9605;3,0471
10,8354;3,0471
10,0689;2,91349
10,5542;2,91349
73,0364;1,3969
71,5912;1,3969
47,6682;1,68202
48,0302;1,68202
0,608825;1,88003
0,432978;1,88003
0,857232;1,8792
0,175737;1,8792
7,81047;2,61022
8,12176;2,61022
5,00476;2,29695
5,4655;2,29695
5,06862;2,29712
5,53616;2,29712
43,1624;1,32145
44,9809;1,32145
17,5051;2,86136
16,5721;2,86136
6,28513;2,50515
6,30167;2,50515
5,31843;2,44384
5,29607;2,44384
11,9857;3,04215
10,8406;3,04215
9,8888;2,89895
10,3309;2,89895
4,25693;2,20016
4,7507;2,20016
3,26807;1,72986
3,76431;1,72986
5,3574;1,87325
4,86267;1,87325
4,58172;1,90475
4,10008;1,90475
4,26506;1,83654
3,39648;1,83654
10,3059;2,6619
10,6662;2,6619
0,314239;1,86215
0,310492;1,86215
14,1557;0,596433
15,3474;0,596433
27,6588;0,502021
28,8711;0,502021
0,242942;1,78871
1,56723;1,78871
11,3227;2,76173
11,638;2,76173
8,5295;2,54353
8,59226;2,54353
10,5771;0,843951
12,184;0,843951
30,8104;0,754851
20,9089;0,754851
14,6958;0,957362
4,77762;0,957362
1,83966;1,94189
2,24961;1,94189
0,235357;1,84854
0,767048;1,84854
5,03115;0,739664
3,47708;0,739664
2,61405;1,69304
2,15104;1,69304
3,61788;1,65043
3,16638;1,65043
0,317821;1,93199
0,377295;1,93199
0,40851;1,94017
0,301833;1,94017
12,8561;2,7262
12,9496;2,7262
12,8324;2,72706
12,9446;2,72706
2,13914;2,39572
1,40647;2,39572
1,91924;1,99429
2,51005;1,99429
2,38876;2,4587
1,73525;2,4587
27,3208;2,27933
27,2221;2,27933
28,2753;2,3738
28,126;2,3738
17,4512;2,85328
16,4523;2,85328
17,4302;2,8519
16,4416;2,8519
9,58341;2,83918
8,18188;2,83918
9,60096;2,84028
8,1994;2,84028
16,6268;2,59676
16,6338;2,59676
15,4272;1,16969
16,9197;1,16969
15,3947;1,17852
16,8773;1,17852
32,5853;1,53697
31,3043;1,53697
35,4736;1,63961
34,3688;1,63961
5,48262;2,33917
5,94265;2,33917
4,11763;2,18373
4,61224;2,18373
11,6962;2,91564
10,5506;2,91564
11,0274;3,06886
9,79676;3,06886
11,5083;2,76343
11,9366;2,76343
11,0794;1,31179
10,2236;1,31179
3,72628;2,12274
3,15039;2,12274
0,555078;1,75323
0,116503;1,75323
20,7443;1,06625
16,9724;1,06625
17,6972;1,12326
13,9124;1,12326
20,6484;1,33016
22,1866;1,33016
20,6312;1,33501
22,1652;1,33501
4,28013;2,2078
4,76625;2,2078
1,37803;1,78608
0,827578;1,78608
0,0848786;1,83728
0,633762;1,83728
26,915;2,50733
27,4237;2,50733
26,8626;2,50437
27,3769;2,50437
11,0215;2,86355
11,415;2,86355
10,6751;2,83518
11,0485;2,83518
8,08613;1,44645
8,50705;1,44645
51,3222;1,05109
50,5068;1,05109
51,1415;1,04755
50,3426;1,04755
6,15717;2,42769
6,57644;2,42769
4,98856;2,35302
5,35371;2,35302
5,04937;2,35268
5,42508;2,35268
3,25376;1,9106
3,76345;1,9106
11,7533;3,01798
10,5648;3,01798
11,7709;3,01552
10,5713;3,01552
5,71851;1,47406
4,98038;1,47406
3,69156;1,54902
2,95924;1,54902
1,97873;1,84207
2,53204;1,84207
0,763618;2,72405
0,89855;2,72405
28,1669;2,34694
28,1926;2,34694
10,754;2,83573
11,0439;2,83573
15,876;2,84716
14,4503;2,84716
6,11632;2,49387
6,11571;2,49387
11,3488;2,89651
11,7673;2,89651
10,67;2,83849
11,0552;2,83849
11,0268;2,98406
11,5459;2,98406
5,18786;2,34452
5,59996;2,34452
4,03719;2,26736
4,41406;2,26736
1,74289;1,71988
1,68085;1,71988
6,40784;2,35119
6,62584;2,35119
9,81075;2,64005
10,0192;2,64005
9,83273;2,77537
8,78554;2,77537
9,02929;2,70855
7,93456;2,70855
34,9782;1,44861
33,096;1,44861
7,10439;2,44016
7,18158;2,44016
8,16771;2,51077
8,31116;2,51077
31,3898;1,21917
32,9791;1,21917
6,35471;2,51053
6,38752;2,51053
6,72259;2,3967
6,87691;2,3967
0,083735;1,81585
0,165128;1,81585
12,6673;2,9857
11,5267;2,9857
11,9285;3,05191
12,4893;3,05191
62,1428;1,14552
61,4887;1,14552
4,2007;2,47417
5,80583;2,47417
5,95638;2,4797
5,89284;2,4797
7,58094;2,69748
7,75026;2,69748
6,67775;2,63552
6,81834;2,63552
8,11707;2,50038
8,29985;2,50038
6,97459;2,55382
7,07248;2,55382
30,9185;1,63781
32,5889;1,63781
15,229;2,94284
15,6591;2,94284
11,2294;3,19782
10,2497;3,19782
11,8946;3,13875
10,7735;3,13875
9,14121;2,84262
9,57399;2,84262
2,69944;2,358
2,21222;2,358
2,36539;2,37603
1,89033;2,37603
1,36494;2,53837
1,4619;2,53837
1,06874;2,55818
1,17433;2,55818
0,939026;2,71642
1,0394;2,71642
5,54739;2,1357
5,44171;2,1357
0,574815;2,04698
0,473438;2,04698
23,3922;2,26192
22,7636;2,26192
8,7073;1,3848
7,83123;1,3848
11,7061;1,29905
10,8442;1,29905
0,506665;2,60098
0,563725;2,60098
3,28241;2,14119
2,62463;2,14119
28,0422;2,39906
27,7877;2,39906
29,6906;2,52925
29,5406;2,52925
11,9053;3,04491
12,4698;3,04491
13,3258;3,01844
12,174;3,01844
15,8857;3,00752
16,4287;3,00752
43,0904;1,37402
41,5397;1,37402
6,80458;2,29038
6,75312;2,29038
7,45435;2,5802
7,48628;2,5802
29,6376;2,57625
28,1333;2,57625
29,7783;2,59352
28,3723;2,59352
60,5297;1,56548
59,9923;1,56548
67,6762;1,42244
66,2848;1,42244
0,954089;2,63165
1,27824;2,63165
10,1777;3,1295
10,6791;3,1295
1,33404;2,25464
2,09019;2,25464
49,8089;1,5256
50,043;1,5256
10,8325;3,0496
9,56784;3,0496
16,1397;2,72297
16,4956;2,72297
17,8513;2,8934
16,9111;2,8934
28,268;2,35169
28,2746;2,35169
13,5953;2,78228
13,7135;2,78228
28,2665;3,41816
37,9275;3,41816
11,0614;0,590829
9,462;0,590829
4,3228;0,752255
2,78051;0,752255
5,41296;1,6001
4,98453;1,6001
4,343;1,82606
3,45419;1,82606
2,09489;2,39849
2,67883;2,39849
27,6839;2,11618
26,9078;2,11618
15,4634;1,16096
16,9658;1,16096
2,56927;2,06004
3,05814;2,06004
4,1216;2,17484
4,62793;2,17484
10,4118;2,94371
10,8967;2,94371
6,40851;2,46783
6,79271;2,46783
6,91756;2,54361
6,92291;2,54361
9,13043;2,84641
9,59587;2,84641
10,1033;2,92637
10,6045;2,92637
5,39511;2,30673
5,88379;2,30673
45,872;1,21208
45,9859;1,21208
52,6556;2,20691
52,6435;2,20691
4,83957;2,28088
5,29905;2,28088
15,6175;2,82702
14,2104;2,82702
1,98887;2,55964
1,20683;2,55964
3,1385;1,74809
3,6737;1,74809
2,55803;1,79286
3,13099;1,79286
3,12054;2,15867
3,96126;2,15867
3,96843;2,02748
4,83467;2,02748
13,2192;2,7623
13,3883;2,7623
13,5389;2,78474
13,6985;2,78474
12,6531;2,975
13,0879;2,975
11,4263;3,00622
10,259;3,00622
11,3671;3,01272
10,2447;3,01272
12,2666;3,08083
11,1564;3,08083
32,6852;1,3284
34,2281;1,3284
76,124;1,31492
74,5656;1,31492
5,41867;2,34026
5,36961;2,34026
8,24083;2,52228
8,31367;2,52228
7,57315;2,47575
7,63848;2,47575
11,0262;2,98577
11,5464;2,98577
2,00982;1,6797
1,29555;1,6797
0,83041;2,71318
0,993454;2,71318
5,59078;1,81908
6,18885;1,81908
11,0183;3,07027
9,79826;3,07027
43,065;1,59667
43,337;1,59667
44,6641;1,19567
44,7943;1,19567
78,0412;1,43559
76,4874;1,43559
68,9252;1,52995
67,5621;1,52995
74,6525;1,41084
73,1804;1,41084
27,4972;2,61434
26,1796;2,61434
45,4932;2,26408
45,226;2,26408
41,7826;2,29917
42,2728;2,29917
7,79561;2,56353
8,26095;2,56353
6,55041;2,36521
5,27256;2,36521
9,13187;2,71209
8,11607;2,71209
23,432;2,05643
22,6051;2,05643
25,4514;1,98169
24,429;1,98169
22,1888;1,99371
21,2923;1,99371
7,68606;2,47021
9,48919;2,47021
7,05128;2,43534
7,13648;2,43534
8,51077;2,76845
8,74124;2,76845
7,83162;2,61419
8,12289;2,61419
1,42136;2,05519
1,82493;2,05519
3,36648;2,13212
3,85825;2,13212
11,2568;1,13969
12,611;1,13969
49,0771;1,93492
48,2996;1,93492
39,3471;1,463
41,2328;1,463
37,9597;1,74058
39,967;1,74058
18,8149;1,05555
17,5545;1,05555
32,5934;1,34988
30,6841;1,34988
37,3578;1,44902
39,0881;1,44902
33,6783;1,14654
31,8303;1,14654
13,1833;2,75705
13,3539;2,75705
11,6421;3,12619
10,5121;3,12619
9,44236;3,05966
9,87241;3,05966
12,6957;2,98006
13,1553;2,98006
11,3452;3,01617
11,8773;3,01617
10,5841;3,16236
11,1432;3,16236
8,20929;2,50936
8,42682;2,50936
12,8092;2,73051
12,9558;2,73051
13,5218;2,65328
13,7749;2,65328
11,4732;2,89455
11,7974;2,89455
10,1462;3,00387
10,466;3,00387
8,31805;2,86054
8,52949;2,86054
10,8525;2,97223
9,69496;2,97223
28,7819;2,45734
28,612;2,45734
28,3215;2,35991
28,3488;2,35991
28,4156;2,37356
28,5382;2,37356
44,9369;2,14694
44,3859;2,14694
27,5999;2,30121
27,4806;2,30121
25,2388;1,07155
25,5629;1,07155
51,2781;1,06257
50,4234;1,06257
2,07413;2,10561
2,76959;2,10561
3,98542;2,01149
3,29884;2,01149
2,38161;2,19553
3,13441;2,19553
5,34172;1,81251
4,58554;1,81251
6,09178;1,87628
5,2621;1,87628
2,6349;2,44256
1,99188;2,44256
3,24757;2,24716
4,03978;2,24716
4,98425;2,07924
4,68663;2,07924
2,17915;2,39163
2,5001;2,39163
1,57316;2,58316
0,839688;2,58316
1,09186;1,98051
0,80314;1,98051
2,13881;1,82799
2,55942;1,82799
0,668225;1,81337
1,0577;1,81337
1,00369;2,02429
0,865551;2,02429
4,85365;1,59839
4,40321;1,59839
3,85556;1,62678
4,78154;1,62678
0,270884;1,83632
0,872797;1,83632
2,11807;1,64639
2,85647;1,64639
3,83768;1,61919
3,14033;1,61919
4,54633;1,1525
5,41975;1,1525
54,3129;1,01317
55,6593;1,01317
4,80274;1,53072
4,13948;1,53072
3,28373;1,57607
1,83426;1,57607
6,72243;1,62895
6,05259;1,62895
1,07488;1,86015
1,15238;1,86015
3,80566;1,8676
2,9233;1,8676
14,868;1,02641
14,3516;1,02641
1,35307;2,23038
1,76602;2,23038
2,76177;2,35185
2,3475;2,35185
73,6672;0,94564
76,3193;0,94564
25,998;2,24873
28,0002;2,24873
31,9395;1,97764
33,8251;1,97764
10,195;2,91423
10,6182;2,91423
8,56408;2,76591
8,77745;2,76591
23,3673;2,26192
22,7554;2,26192
22,3413;2,02091
21,4084;2,02091
26,2254;2,4622
25,8211;2,4622
40,5309;1,25632
42,2854;1,25632
37,6737;1,80797
36,677;1,80797
39,5448;1,49855
41,3668;1,49855
41,2801;1,57545
43,292;1,57545
28,8701;1,53289
30,4739;1,53289
44,3318;1,92539
43,2696;1,92539
49,5304;1,73776
51,8347;1,73776
5,31588;2,21744
5,13505;2,21744
6,04184;2,38121
5,9443;2,38121
6,66313;2,50327
7,017;2,50327
44,1613;2,04038
43,255;2,04038
57,6264;0,813973
60,1108;0,813973
5,48165;1,81121
5,40944;1,81121
