11,612;1,35133
12,3746;1,35133
5,7579;1,49095
6,5399;1,49095
7,80707;1,38197
6,11212;1,38197
6,25963;3,754
6,49538;3,754
30,9966;1,39465
29,7478;1,39465
30,6724;1,40333
29,629;1,40333
7,98618;1,37302
8,74026;1,37302
0,0322192;1,59139
0,798305;1,59139
29,0838;2,00993
27,4973;2,00993
8,14187;3,8798
8,34416;3,8798
5,01569;3,37835
4,8959;3,37835
5,2172;3,40847
5,06551;3,40847
5,55361;3,56008
5,49482;3,56008
5,88737;0,670272
5,02433;0,670272
25,1487;1,67865
25,5529;1,67865
5,93671;3,02239
6,11943;3,02239
5,73304;3,01116
6,54387;3,01116
5,63147;2,91148
6,48216;2,91148
6,59436;2,96121
6,78845;2,96121
29,3561;1,86896
29,8679;1,86896
25,9742;2,07113
25,4961;2,07113
60,5789;0,367441
62,2832;0,367441
5,39503;3,56568
5,59533;3,56568
5,25642;3,53325
4,83547;3,53325
11,3548;2,41735
9,78374;2,41735
34,5011;1,58647
33,6873;1,58647
25,9834;1,83291
23,5807;1,83291
11,3084;2,25542
11,8637;2,25542
12,7944;2,22114
11,0216;2,22114
6,63679;2,90481
7,49244;2,90481
68,3985;0,302612
67,5231;0,302612
16,3561;1,84175
16,8502;1,84175
32,593;1,27503
31,8078;1,27503
30,0275;1,27626
32,1009;1,27626
21,5523;1,40067
21,4331;1,40067
24,9412;1,57967
24,8996;1,57967
38,1121;1,29739
40,0778;1,29739
38,3085;1,29754
40,2988;1,29754
34,4946;1,31284
36,7428;1,31284
29,5104;1,99292
29,5037;1,99292
29,3219;2,00057
29,9931;2,00057
24,9055;1,76059
24,8056;1,76059
11,0907;3,20253
11,1042;3,20253
50,1166;0,396142
49,7702;0,396142
23,2052;1,03173
21,9508;1,03173
4,07441;1,11083
2,77706;1,11083
4,04899;1,25928
5,28233;1,25928
27,1024;2,00584
27,3124;2,00584
30,4244;1,65197
28,8718;1,65197
30,5866;1,65209
29,0739;1,65209
65,8473;0,35882
66,0405;0,35882
6,8756;3,05121
7,15442;3,05121
14,009;2,09639
16,8072;2,09639
6,82093;2,75705
5,51729;2,75705
6,29824;2,84854
6,39521;2,84854
7,23305;1,40848
5,05764;1,40848
11,5102;1,39437
11,9425;1,39437
27,8661;2,092
28,1874;2,092
28,0808;1,64485
28,9605;1,64485
28,5484;1,64473
28,8558;1,64473
3,85482;3,17687
3,60741;3,17687
5,81954;3,39632
5,6672;3,39632
31,6077;1,39984
30,4369;1,39984
33,3311;1,50337
32,2243;1,50337
12,6135;2,04009
13,3011;2,04009
12,6608;2,03913
13,1948;2,03913
11,2271;2,34293
11,493;2,34293
16,6988;2,21063
14,9437;2,21063
16,695;2,21178
14,9101;2,21178
38,491;1,6776
39,3993;1,6776
5,21582;3,73224
5,32278;3,73224
5,20321;3,79318
5,359;3,79318
2,39801;3,128
2,37277;3,128
5,98016;3,53241
5,91516;3,53241
5,71796;3,49166
7,2632;3,49166
16,21;1,84079
16,8493;1,84079
16,1711;1,84026
16,8355;1,84026
19,8805;2,40216
20,8571;2,40216
21,5285;2,37669
21,092;2,37669
26,8943;1,90762
27,7944;1,90762
28,5208;1,99066
28,3564;1,99066
30,0436;2,08985
29,9342;2,08985
7,67547;3,09901
6,57884;3,09901
5,46003;2,64079
5,65386;2,64079
16,1879;1,83696
16,5914;1,83696
4,59429;2,68183
4,89306;2,68183
13,2494;1,70686
13,7822;1,70686
14,4941;1,74999
15,0624;1,74999
16,2215;1,83941
13,7514;1,83941
8,70068;1,98889
6,65694;1,98889
7,12013;3,02362
7,37896;3,02362
6,62378;2,98072
6,83762;2,98072
27,8485;0,665585
28,8191;0,665585
40,3024;1,91193
41,2505;1,91193
34,1408;1,67234
35,0085;1,67234
13,4794;0,791794
14,7156;0,791794
27,0709;2,03461
27,9785;2,03461
6,6731;3,60723
8,08686;3,60723
12,9609;2,13185
13,2788;2,13185
13,7638;2,21187
14,2054;2,21187
25,7339;1,68156
26,1442;1,68156
29,6305;1,05499
28,9553;1,05499
30,4127;1,91755
29,9123;1,91755
7,12857;3,02517
6,02813;3,02517
30,1228;1,94592
31,3851;1,94592
30,055;1,93654
31,3186;1,93654
0,184354;1,68725
1,23808;1,68725
0,376536;1,684
1,44545;1,684
85,8681;0,315899
87,2566;0,315899
27,4606;1,64449
28,3349;1,64449
27,6671;1,64473
28,5432;1,64473
12,3542;2,1357
12,7695;2,1357
9,00155;1,46514
8,17537;1,46514
6,35768;2,82916
6,49927;2,82916
7,63329;2,94849
7,79346;2,94849
6,29154;2,83649
6,43661;2,83649
5,6864;2,59616
4,3559;2,59616
6,63984;2,97618
5,44027;2,97618
32,0976;1,27165
30,8276;1,27165
31,8978;1,59961
32,7945;1,59961
6,79584;2,81327
6,92655;2,81327
6,43083;1,32722
7,40365;1,32722
2,46511;1,22605
3,52392;1,22605
14,6808;2,00672
15,0571;2,00672
12,1873;1,90094
12,5735;1,90094
10,3098;2,17448
8,21028;2,17448
3,7474;1,60681
5,07443;1,60681
5,33003;3,74267
5,25458;3,74267
5,33174;3,76484
5,26445;3,76484
13,6554;2,16257
13,9646;2,16257
13,4688;2,16817
13,8259;2,16817
13,7584;2,16266
11,5977;2,16266
4,83468;3,62374
4,57645;3,62374
5,35515;3,71763
6,13214;3,71763
4,18589;1,4634
2,38178;1,4634
6,63427;3,17484
5,72833;3,17484
24,2075;1,83547
24,6181;1,83547
5,11022;1,45884
5,85097;1,45884
34,6647;1,38126
34,316;1,38126
51,7692;0,390671
51,6913;0,390671
12,1822;3,57566
10,8764;3,57566
6,24933;3,37847
5,54822;3,37847
11,2212;1,58016
11,9771;1,58016
12,3333;2,1324
12,7238;2,1324
14,2211;1,86792
14,6226;1,86792
15,3487;1,91008
15,8204;1,91008
4,86188;2,68438
3,71432;2,68438
5,50211;2,75129
4,34726;2,75129
5,6127;3,07211
5,84865;3,07211
6,25937;3,10936
6,52105;3,10936
6,45975;2,89354
6,61129;2,89354
2,80899;1,86162
3,30827;1,86162
9,21362;1,46527
8,3965;1,46527
2,01351;1,78443
0,302992;1,78443
6,13199;1,94672
4,53626;1,94672
17,6316;2,27331
17,7806;2,27331
18,0263;2,27924
18,1766;2,27924
12,7737;2,22572
13,0608;2,22572
26,9825;1,64259
27,8526;1,64259
35,1682;1,59557
34,9416;1,59557
35,9062;1,57321
35,525;1,57321
27,7936;2,19704
27,395;2,19704
4,44254;1,4722
5,11642;1,4722
1,11718;1,39269
1,83852;1,39269
7,13646;2,76966
5,86271;2,76966
7,01238;2,1908
7,10977;2,1908
9,073;2,19695
9,18013;2,19695
7,02846;2,33297
7,19017;2,33297
17,7272;2,00633
15,0833;2,00633
13,4769;2,17097
13,854;2,17097
8,01917;1,32086
6,22861;1,32086
10,4107;3,33355
7,90178;3,33355
8,28807;3,10406
5,84194;3,10406
16,5193;0,541764
16,2332;0,541764
25,8337;0,944397
27,0839;0,944397
23,4036;0,890214
24,6485;0,890214
35,9659;1,20918
35,7371;1,20918
31,3393;0,999755
30,3921;0,999755
41,0996;1,29573
40,185;1,29573
24,8703;1,67491
25,2725;1,67491
87,9805;0,303258
87,7151;0,303258
6,43984;3,78993
6,71876;3,78993
34,0414;1,67339
34,8852;1,67339
27,729;1,51427
26,2104;1,51427
5,41916;3,67131
6,16022;3,67131
6,13885;3,26123
5,32464;3,26123
36,0664;1,57309
35,6895;1,57309
36,3513;1,57172
35,9826;1,57172
6,61591;2,77142
5,28505;2,77142
16,5556;1,8443
17,1294;1,8443
19,4837;1,13332
19,8826;1,13332
16,1088;1,83131
13,6752;1,83131
9,00595;2,18776
9,11065;2,18776
9,38779;2,11387
7,44664;2,11387
29,718;1,90978
29,2099;1,90978
18,5871;2,22308
17,073;2,22308
15,0892;2,22563
12,8995;2,22563
13,3782;2,25906
13,6873;2,25906
12,7699;2,0422
13,3971;2,0422
12,7337;2,04172
13,332;2,04172
5,77217;3,79266
5,72263;3,79266
27,8917;1,96384
28,8715;1,96384
30,5705;1,17869
29,291;1,17869
28,9598;1,9257
27,5959;1,9257
29,9146;1,93128
28,6026;1,93128
5,51812;3,06382
5,80307;3,06382
5,26462;2,79582
5,63027;2,79582
4,40221;2,72225
4,73297;2,72225
5,45698;2,76059
4,31568;2,76059
16,4388;1,84928
16,9217;1,84928
16,4671;1,84589
16,9983;1,84589
18,3027;1,92285
18,7949;1,92285
13,1485;0,744936
12,5647;0,744936
6,04347;3,80277
6,06281;3,80277
18,8035;1,11259
19,1759;1,11259
21,9021;0,853175
21,4431;0,853175
7,72588;3,10463
7,98954;3,10463
6,44642;2,99696
6,69863;2,99696
3,83593;1,33618
1,64631;1,33618
13,7781;2,21355
14,2351;2,21355
10,5281;4,46344
13,4203;4,46344
14,9875;2,23318
15,3263;2,23318
30,059;2,02023
29,2894;2,02023
12,3613;2,1368
12,7848;2,1368
65,4186;0,402998
64,8431;0,402998
19,0103;1,1542
19,6619;1,1542
30,3341;1,39522
29,6437;1,39522
13,0913;2,13488
13,43;2,13488
13,2884;1,73303
13,7757;1,73303
11,5158;3,11898
11,8273;3,11898
11,8766;0,797703
13,1233;0,797703
5,98559;3,40674
5,3488;3,40674
6,41784;2,8214
6,55412;2,8214
26,6227;1,99773
27,4928;1,99773
5,35244;2,94756
5,53894;2,94756
13,5935;0,770756
12,8647;0,770756
30,6393;1,00288
29,683;1,00288
13,8568;0,914288
12,3185;0,914288
1,35339;0,618023
2,0645;0,618023
5,63621;0,643766
6,6357;0,643766
36,3605;1,28069
36,1379;1,28069
30,6427;1,43299
31,5695;1,43299
23,1786;1,02812
22,283;1,02812
38,2328;0,665879
38,1367;0,665879
39,0885;0,680701
39,1794;0,680701
33,1743;0,744673
33,2595;0,744673
0,732104;1,62775
0,148962;1,62775
16,9964;1,13901
17,378;1,13901
69,0038;0,495746
69,9464;0,495746
62,0128;0,331613
62,4894;0,331613
64,6216;0,316518
65,0877;0,316518
52,8948;0,369035
53,4285;0,369035
9,41217;2,14539
9,60783;2,14539
11,222;2,15404
11,4931;2,15404
12,729;2,11517
10,508;2,11517
6,61507;3,07511
6,94039;3,07511
7,34768;3,04793
6,24581;3,04793
6,52489;1,32884
7,51182;1,32884
7,47974;1,32515
8,50271;1,32515
8,49859;1,38959
9,4079;1,38959
11,5912;1,70341
9,02838;1,70341
12,1682;1,89888
12,5526;1,89888
9,36725;1,78827
9,75322;1,78827
14,6974;1,74428
15,3029;1,74428
11,3236;1,73416
11,8126;1,73416
14,5163;1,73956
12,2881;1,73956
14,0891;1,84653
14,5056;1,84653
18,2258;1,91039
15,8915;1,91039
5,99271;2,78122
4,88176;2,78122
5,7521;2,72455
4,46859;2,72455
8,24745;2,14037
6,24852;2,14037
2,94158;2,19267
3,00489;2,19267
8,91221;2,38762
9,05956;2,38762
8,8438;2,37907
8,98551;2,37907
8,95099;2,20788
9,08418;2,20788
3,27784;2,35069
1,80374;2,35069
7,11166;2,84496
7,29489;2,84496
4,26061;1,93795
4,71472;1,93795
4,72206;1,8633
3,14228;1,8633
2,30704;2,60722
1,48055;2,60722
3,13266;1,78674
3,76345;1,78674
7,85687;1,48911
5,47996;1,48911
7,38099;1,49174
4,98183;1,49174
5,63405;1,41458
3,44289;1,41458
3,85463;1,33969
1,70586;1,33969
5,52135;1,465
6,30188;1,465
8,91487;2,17006
9,22024;2,17006
24,2994;2,29695
24,8851;2,29695
26,0462;1,99174
26,2923;1,99174
23,7232;2,23195
25,8011;2,23195
29,7149;1,98525
29,648;1,98525
31,115;1,88492
30,4117;1,88492
28,2266;2,02449
28,0224;2,02449
19,4261;2,51614
19,7692;2,51614
23,0356;2,33314
23,4915;2,33314
20,7182;2,54576
21,1751;2,54576
19,6863;2,49811
20,0736;2,49811
18,0613;2,71469
18,1143;2,71469
23,6863;2,49936
23,7399;2,49936
24,7093;2,40493
24,5323;2,40493
37,004;1,57147
36,6508;1,57147
22,8469;1,30925
21,354;1,30925
40,6004;1,36143
42,9736;1,36143
43,8884;1,33354
42,2508;1,33354
28,0735;1,86813
26,6861;1,86813
28,4838;1,94118
29,114;1,94118
36,6861;1,66742
36,3229;1,66742
35,375;1,61544
35,0678;1,61544
24,2167;1,75535
24,6198;1,75535
30,5343;1,65256
29,6134;1,65256
31,9194;1,9202
31,7579;1,9202
6,87693;3,86766
7,19614;3,86766
6,67475;3,77216
7,03755;3,77216
6,5062;3,85285
6,70652;3,85285
6,18752;3,8093
6,39367;3,8093
22,174;2,29388
20,9795;2,29388
24,6419;2,27193
23,7457;2,27193
20,5863;2,28122
19,036;2,28122
17,9765;2,29559
19,0292;2,29559
12,1982;3,18186
12,572;3,18186
6,76807;3,81603
7,38639;3,81603
13,4518;2,26486
13,8124;2,26486
4,77339;3,55176
5,43699;3,55176
5,6387;3,74936
5,67387;3,74936
6,68635;3,86452
5,83413;3,86452
5,33781;3,72273
5,25255;3,72273
18,5077;2,1941
16,9104;2,1941
12,214;2,00594
10,3155;2,00594
16,6852;2,21284
14,8915;2,21284
15,2449;2,14128
15,6721;2,14128
18,5528;2,23931
16,9805;2,23931
16,8323;2,18946
15,1537;2,18946
15,2349;2,23782
15,7153;2,23782
5,52032;3,748
5,59897;3,748
5,42066;3,66565
5,14933;3,66565
17,9158;2,25707
19,0898;2,25707
34,5561;1,39451
34,2492;1,39451
30,8221;1,30836
30,1126;1,30836
27,2803;1,79024
27,9553;1,79024
43,1774;1,49933
41,3818;1,49933
39,0414;1,29845
38,1138;1,29845
25,4487;2,27761
24,8131;2,27761
24,2629;2,14174
24,6449;2,14174
8,5607;2,68766
7,04313;2,68766
8,36549;2,37232
6,63002;2,37232
6,0652;2,74281
6,20418;2,74281
10,9485;2,0399
11,2199;2,0399
9,90845;1,84047
10,2274;1,84047
6,67342;3,23834
8,31645;3,23834
9,60952;2,28293
9,72876;2,28293
7,37536;0,865698
5,69985;0,865698
11,5491;0,972772
13,3456;0,972772
26,7639;0,75873
27,4214;0,75873
24,3926;0,850188
23,9863;0,850188
18,1614;0,496534
18,81;0,496534
38,5199;1,01626
36,8763;1,01626
38,9339;1,18564
37,9861;1,18564
0,216679;1,77134
0,995724;1,77134
29,0823;2,01616
28,2638;2,01616
17,1896;2,63819
17,096;2,63819
