11,9591;1,38875
11,0479;1,38875
20,0596;1,50298
17,7632;1,50298
20,316;1,49449
18,0074;1,49449
12,5617;1,31552
13,4723;1,31552
3,44875;1,59262
4,85234;1,59262
0,474631;2,59073
0,503825;2,59073
26,6231;1,55733
27,4772;1,55733
1,53541;0,323851
0,512067;0,323851
5,25732;0,317752
6,33391;0,317752
20,1585;1,25803
20,8565;1,25803
2,3609;2,67481
2,97747;2,67481
1,05625;2,62808
2,31597;2,62808
20,8255;1,15352
20,6515;1,15352
19,5842;0,998972
18,6265;0,998972
20,9427;1,15284
20,1339;1,15284
12,1949;1,28664
12,3865;1,28664
3,23616;1,50363
3,50546;1,50363
26,6232;0,747296
27,3602;0,747296
25,9446;0,750692
26,6736;0,750692
0,00657285;3,11558
1,34127;3,11558
5,36934;1,51452
6,45577;1,51452
5,41123;1,51452
6,4913;1,51452
5,79038;1,51388
6,27324;1,51388
10,8878;1,00366
12,3847;1,00366
22,2128;0,713541
23,1382;0,713541
16,5441;1,52033
15,9449;1,52033
17,1703;1,76569
16,8057;1,76569
18,4964;1,84557
18,0098;1,84557
32,33;1,73257
34,259;1,73257
6,67421;2,71289
6,73864;2,71289
5,77599;1,67795
4,59717;1,67795
5,75091;1,67853
4,58497;1,67853
50,1619;0,435213
49,8167;0,435213
18,4987;0,516999
18,4775;0,516999
2,88548;3,03551
3,52935;3,03551
15,4728;0,748866
14,4891;0,748866
28,3135;0,845341
27,3441;0,845341
22,1763;1,42106
22,0968;1,42106
17,1406;0,546439
16,8837;0,546439
51,2989;0,385122
52,5018;0,385122
53,9151;0,365305
53,551;0,365305
49,8718;0,384104
50,6944;0,384104
2,83659;2,69145
2,67728;2,69145
0,0385972;2,57359
1,20902;2,57359
0,46846;2,56842
1,62488;2,56842
0,170468;2,55719
1,44049;2,55719
0,791887;2,54522
1,00805;2,54522
0,990535;1,38239
2,15003;1,38239
3,36559;1,43422
4,23641;1,43422
0,90937;2,36198
0,56763;2,36198
0,883814;2,358
0,59756;2,358
0,58778;2,46657
1,06495;2,46657
1,43498;2,3691
0,0416487;2,3691
0,537098;2,6622
1,89426;2,6622
0,902092;2,60962
1,14461;2,60962
9,20921;1,43804
10,2881;1,43804
20,4579;1,64544
19,6163;1,64544
19,0233;1,77012
18,5126;1,77012
19,4553;1,0306
21,2051;1,0306
18,9759;1,0323
20,7002;1,0323
19,1753;1,03249
20,8785;1,03249
1,31884;1,83888
2,27456;1,83888
3,44639;1,83813
4,41314;1,83813
3,82447;1,79602
4,8175;1,79602
9,14651;1,83408
7,59125;1,83408
9,14699;1,83109
7,59521;1,83109
38,9136;0,472712
40,9194;0,472712
5,97902;1,67713
4,4131;1,67713
19,7292;1,25943
19,8852;1,25943
18,3404;1,1727
18,7516;1,1727
17,9124;0,874692
19,9031;0,874692
21,4135;1,14842
21,2799;1,14842
21,5385;1,14757
21,4132;1,14757
18,3036;0,975985
18,0938;0,975985
18,6898;0,970758
18,5029;0,970758
11,9262;2,47275
11,5777;2,47275
20,6879;1,16718
21,4549;1,16718
1,12496;2,43791
1,33335;2,43791
1,15374;2,43365
1,35786;2,43365
0,51645;2,67511
0,448973;2,67511
5,04698;0,774555
5,35351;0,774555
18,726;1,17487
19,0825;1,17487
30,2303;0,51662
31,6997;0,51662
25,8237;1,08715
25,9178;1,08715
3,83037;0,545364
4,25932;0,545364
3,70765;0,544645
4,13601;0,544645
1,27116;2,57184
0,147432;2,57184
5,68063;1,5109
6,14567;1,5109
5,57718;1,51375
5,97586;1,51375
10,0686;2,12099
9,68209;2,12099
10,9042;2,53235
11,5224;2,53235
21,0724;1,15182
20,9156;1,15182
21,1965;1,15097
21,048;1,15097
17,707;1,35133
18,0628;1,35133
11,2363;1,07009
11,5289;1,07009
5,95664;1,52136
6,44293;1,52136
5,95503;1,51904
6,45715;1,51904
1,61314;2,58339
1,83906;2,58339
2,15179;2,62167
1,05588;2,62167
0,390022;2,51349
0,573591;2,51349
22,5195;1,51685
23,5965;1,51685
18,7397;1,43858
17,4137;1,43858
17,0345;1,33677
15,5893;1,33677
49,1686;0,438795
49,6291;0,438795
48,5243;0,444114
49,6651;0,444114
39,5155;0,554966
39,6135;0,554966
0,610625;2,93878
0,0112946;2,93878
0,549238;2,93251
0,0184214;2,93251
6,91251;1,48872
7,82709;1,48872
0,333191;2,52856
0,753165;2,52856
1,19618;2,58172
0,0888759;2,58172
0,448119;2,78622
1,17604;2,78622
0,323923;2,95108
0,205313;2,95108
22,706;1,50011
23,79;1,50011
0,746501;2,452
0,933852;2,452
0,736639;2,45128
0,923693;2,45128
0,17324;2,91578
0,0943177;2,91578
0,369241;2,52057
0,61497;2,52057
21,6173;1,61325
20,7332;1,61325
24,407;0,574372
24,3195;0,574372
55,0557;0,356632
56,4423;0,356632
3,41561;2,61202
3,65513;2,61202
0,491373;2,35443
0,0808104;2,35443
4,27877;1,54459
4,72259;1,54459
0,134718;2,8519
0,531387;2,8519
1,98305;2,79757
1,6125;2,79757
18,1987;1,52226
18,4284;1,52226
1,19829;3,22452
1,13523;3,22452
7,29874;1,55217
7,80445;1,55217
42,4616;0,448498
43,3867;0,448498
8,45372;1,10482
7,39907;1,10482
0,436987;3,16236
0,227409;3,16236
0,757193;1,67958
0,199609;1,67958
0,688817;1,67701
0,129623;1,67701
0,17302;2,32902
0,423826;2,32902
0,136996;2,98918
0,323465;2,98918
0,198075;2,98465
0,280437;2,98465
14,4014;1,57818
14,4381;1,57818
14,8797;1,58424
14,925;1,58424
24,503;1,10924
25,8421;1,10924
25,9006;1,08498
25,3554;1,08498
8,99391;0,871779
9,30566;0,871779
4,22274;0,771771
4,525;0,771771
41,5869;0,546797
41,5227;0,546797
4,36022;1,55041
4,80687;1,55041
4,29006;1,54725
4,72486;1,54725
28,7783;0,331613
29,511;0,331613
44,1709;0,521896
44,3854;0,521896
26,9513;0,749388
27,6659;0,749388
2,08632;1,5686
2,54556;1,5686
19,3714;0,726316
18,8779;0,726316
2,49159;1,73483
2,79281;1,73483
0,401383;2,82688
0,330199;2,82688
0,32512;2,5871
0,601712;2,5871
2,08814;1,82413
0,200702;1,82413
19,5729;1,77971
20,981;1,77971
11,5745;2,62159
11,3883;2,62159
4,75378;1,80222
5,01236;1,80222
3,39668;1,68528
3,95762;1,68528
0,679348;3,13556
1,5947;3,13556
0,64413;3,15604
0,528864;3,15604
6,20863;2,59827
6,34097;2,59827
6,22505;2,60857
6,34607;2,60857
24,0533;1,40695
24,0386;1,40695
1,07201;3,18223
1,07227;3,18223
11,7857;1,47737
11,8081;1,47737
25,2486;1,10038
26,5888;1,10038
20,2479;1,08462
21,1415;1,08462
17,0523;1,34697
17,395;1,34697
17,3219;1,34973
17,6696;1,34973
16,1973;1,19518
16,7039;1,19518
17,807;1,9329
18,9874;1,9329
6,30682;1,59875
5,76803;1,59875
0,797955;1,70008
2,23791;1,70008
1,48458;2,38942
1,69778;2,38942
1,54416;2,4042
0,278307;2,4042
0,022063;2,39915
0,299115;2,39915
1,97407;2,47994
2,18839;2,47994
0,43541;2,34669
0,028035;2,34669
8,61501;1,51711
6,54916;1,51711
7,89093;1,03533
6,76098;1,03533
52,2143;0,377424
52,7965;0,377424
6,47398;0,61992
7,44479;0,61992
21,9362;0,671147
21,8347;0,671147
4,08042;0,48092
5,258;0,48092
0,566493;2,5646
0,805628;2,5646
0,719355;2,55114
0,941695;2,55114
0,0408981;2,72333
0,783078;2,72333
17,1519;1,7491
17,4311;1,7491
0,705748;2,46188
0,900599;2,46188
5,3008;1,10252
4,21953;1,10252
4,90607;1,10216
3,80518;1,10216
5,2607;1,10305
4,18212;1,10305
2,1522;1,73325
2,56736;1,73325
15,5389;0,749127
14,8187;0,749127
40,6243;0,514723
41,5493;0,514723
32,8252;0,351659
33,2635;0,351659
1,09051;2,43992
1,30107;2,43992
5,55215;1,55859
7,15897;1,55859
20,007;1,59213
19,9892;1,59213
17,4668;1,71862
17,0488;1,71862
23,1448;1,13729
23,1178;1,13729
0,5065;1,7994
0,693263;1,7994
20,8181;1,56985
21,5348;1,56985
21,3538;1,58671
20,4876;1,58671
9,19835;1,80959
7,67248;1,80959
9,17676;1,80808
10,0575;1,80808
5,839;1,83654
3,68955;1,83654
3,47876;1,83472
3,72114;1,83472
25,6693;1,07411
25,6894;1,07411
25,9033;1,09967
25,9442;1,09967
27,475;1,18068
27,62;1,18068
1,97295;1,82016
2,17798;1,82016
0,773906;1,50597
0,352157;1,50597
2,36194;1,60059
2,69474;1,60059
1,20593;2,71757
0,782195;2,71757
28,7654;0,570955
28,7907;0,570955
37,7908;0,513581
38,2718;0,513581
19,8205;0,942946
20,0649;0,942946
34,759;0,28599
35,4281;0,28599
24,9119;3,63065
24,855;3,63065
0,634844;2,64871
0,914431;2,64871
0,689861;2,48294
0,920335;2,48294
2,74658;2,65601
2,8987;2,65601
0,645203;2,93058
0,0346929;2,93058
5,90463;1,52264
6,36103;1,52264
5,90671;1,51633
6,41189;1,51633
0,643412;2,39482
0,198507;2,39482
20,5214;1,25741
21,2896;1,25741
0,0669409;2,55183
0,268793;2,55183
0,15471;2,54368
0,403595;2,54368
0,429924;2,50601
0,606461;2,50601
11,5202;1,07009
11,8176;1,07009
11,7334;1,06954
12,035;1,06954
20,2413;0,722805
21,2396;0,722805
5,82087;1,51375
6,3141;1,51375
39,914;0,548583
40,8527;0,548583
23,2584;0,95121
22,9723;0,95121
1,77728;2,4974
1,99206;2,4974
4,85263;2,5945
4,82822;2,5945
9,79748;0,87581
10,1143;0,87581
19,7064;1,51955
20,219;1,51955
21,6035;1,64639
22,2095;1,64639
21,9885;1,42807
23,0461;1,42807
25,3451;0,537048
26,6805;0,537048
21,2308;1,40667
22,2361;1,40667
0,932054;3,01045
0,440193;3,01045
48,0416;0,447624
49,1175;0,447624
43,8323;0,493372
44,9194;0,493372
35,2504;0,348305
35,6794;0,348305
8,90953;0,537412
9,61069;0,537412
11,4239;0,751474
11,0612;0,751474
19,5928;0,445872
20,0955;0,445872
35,6111;0,301965
35,356;0,301965
20,3022;0,931882
21,1323;0,931882
19,3726;0,798439
18,4166;0,798439
34,4371;0,661456
34,5189;0,661456
15,4317;0,885586
16,9519;0,885586
21,3047;0,705266
22,5035;0,705266
51,7974;0,41212
53,0454;0,41212
48,4295;0,300666
49,5848;0,300666
49,2908;0,315279
50,4651;0,315279
0,891811;1,85319
1,06901;1,85319
1,84059;2,79568
0,971822;2,79568
1,01073;3,02711
0,511557;3,02711
10,139;1,01952
9,01726;1,01952
2,90132;1,10464
4,59129;1,10464
4,08679;1,10234
2,95892;1,10234
3,07569;1,34377
3,73828;1,34377
2,24051;1,25476
1,43122;1,25476
6,08222;1,78125
6,46996;1,78125
5,85256;1,51362
6,3562;1,51362
1,70287;1,70157
1,95661;1,70157
0,674688;2,41379
0,210812;2,41379
0,866131;2,42753
0,191384;2,42753
0,0654989;1,76802
1,96048;1,76802
0,394803;1,78487
0,736677;1,78487
0,797775;2,41119
1,23081;2,41119
0,991023;2,41905
1,16708;2,41905
1,6375;2,52088
1,87101;2,52088
0,193764;2,05262
0,0124815;2,05262
0,0683751;2,021
0,233678;2,021
1,91142;1,96662
2,0847;1,96662
1,77547;2,10217
1,52767;2,10217
0,303475;2,16193
1,71585;2,16193
1,28164;2,71894
0,381284;2,71894
0,993693;2,31317
0,712666;2,31317
0,514201;1,69015
1,96293;1,69015
0,484446;1,6876
1,94092;1,6876
4,10426;1,63387
3,43455;1,63387
0,836807;1,63889
0,0597001;1,63889
2,63366;1,25632
4,88334;1,25632
17,2131;1,29422
16,3988;1,29422
5,95934;1,24835
5,14991;1,24835
2,12897;1,1896
4,30419;1,1896
0,40483;1,78772
0,019689;1,78772
18,1426;1,82424
18,4585;1,82424
15,6879;1,84356
16,002;1,84356
18,2887;1,87847
18,9742;1,87847
16,0578;1,52007
16,185;1,52007
19,8954;1,67246
19,191;1,67246
18,9026;1,65682
18,6672;1,65682
11,7364;2,53551
12,388;2,53551
21,6637;1,14671
21,5465;1,14671
16,4512;1,24772
16,7855;1,24772
4,90408;0,596105
4,39227;0,596105
8,56586;0,869532
8,87462;0,869532
25,7534;1,13246
25,1996;1,13246
24,0457;1,1757
25,3604;1,1757
20,3013;1,48227
20,9397;1,48227
19,1314;1,44564
18,0395;1,44564
19,8341;1,50636
20,5112;1,50636
20,2416;1,5499
20,7657;1,5499
16,8151;1,43531
17,1492;1,43531
23,5781;1,27196
23,1807;1,27196
19,5677;0,928727
20,3951;0,928727
21,3548;0,908491
20,559;0,908491
23,0483;1,378
22,955;1,378
22,9015;1,30101
22,4102;1,30101
24,6178;1,32928
24,4534;1,32928
1,43375;3,18696
1,5081;3,18696
1,46096;3,18469
1,51716;3,18469
1,1495;3,1885
1,1225;3,1885
1,01372;3,16038
1,01176;3,16038
13,5512;1,76481
12,63;1,76481
13,7554;1,67351
14,8738;1,67351
13,5749;1,83248
14,819;1,83248
13,5844;1,81531
14,86;1,81531
3,65528;1,84196
3,93386;1,84196
3,68893;1,68957
1,77699;1,68957
8,15476;1,86057
8,60806;1,86057
3,50896;1,68435
4,11376;1,68435
9,23747;1,82842
10,014;1,82842
9,69602;1,85867
10,4825;1,85867
6,88193;1,78652
5,11684;1,78652
5,12845;1,81078
5,48532;1,81078
23,7851;1,44618
24,2291;1,44618
0,134888;3,07434
0,821425;3,07434
0,128786;3,09876
0,825334;3,09876
2,84099;1,81067
3,14246;1,81067
0,809008;3,11571
0,988397;3,11571
12,812;1,92234
14,2667;1,92234
1,82142;3,18408
1,94656;3,18408
14,5667;2,04335
14,6378;2,04335
28,3379;1,02584
29,8275;1,02584
21,2073;1,44483
21,5204;1,44483
25,4192;1,14774
26,6392;1,14774
16,8285;1,98357
17,1368;1,98357
2,20085;1,71155
1,51952;1,71155
2,19222;1,325
3,95635;1,325
0,536864;1,33119
1,7896;1,33119
3,89063;1,63327
3,20651;1,63327
6,86223;1,13626
5,74467;1,13626
2,21913;1,84525
0,247832;1,84525
0,0153815;1,95174
0,227431;1,95174
1,09828;2,41735
1,33215;2,41735
0,667603;2,44489
0,839409;2,44489
1,81328;2,50202
1,98864;2,50202
0,702915;2,42196
0,109492;2,42196
0,0246144;2,38729
0,46147;2,38729
0,0927086;1,83002
0,344171;1,83002
0,472472;1,7319
0,114526;1,7319
6,4766;1,10358
8,21344;1,10358
0,799642;2,78966
1,16435;2,78966
2,68434;1,78685
0,670342;1,78685
34,0936;0,684141
35,1057;0,684141
33,9874;0,599378
32,9626;0,599378
16,3164;0,951622
17,5142;0,951622
25,7234;0,870207
26,0128;0,870207
20,3674;0,35882
20,8848;0,35882
15,2422;0,695206
13,9871;0,695206
16,4042;0,748604
15,7193;0,748604
22,4421;0,941284
21,647;0,941284
24,8421;1,35494
23,986;1,35494
22,4846;1,34319
22,3186;1,34319
