3,0989;2,40721
3,15431;2,40721
49,7989;1,27901
52,5633;1,27901
7,36688;0,813011
5,77432;0,813011
46,0959;2,21134
45,1553;2,21134
45,5262;2,17006
44,6621;2,17006
0,601175;1,87242
0,524704;1,87242
28,6877;2,69675
29,4513;2,69675
10,9864;2,969
9,31801;2,969
2,72973;2,05576
2,86848;2,05576
13,225;2,7468
12,8937;2,7468
14,1758;2,82542
13,8547;2,82542
5,81978;2,35825
4,27984;2,35825
51,8418;1,81478
51,7782;1,81478
48,4752;1,56385
48,3407;1,56385
15,8718;1,45952
16,3356;1,45952
16,1652;1,45131
16,6244;1,45131
48,4248;1,42574
48,5594;1,42574
54,6996;0,685855
54,4743;0,685855
13,2631;3,01142
11,5875;3,01142
12,6699;2,95996
12,5276;2,95996
14,2352;1,50701
14,6741;1,50701
15,383;1,23353
15,9757;1,23353
6,65041;2,53134
6,739;2,53134
7,0345;2,41289
5,04598;2,41289
7,40265;2,55374
7,15812;2,55374
2,67961;2,06004
2,70024;2,06004
4,16825;2,16781
4,69044;2,16781
22,773;1,98515
21,5191;1,98515
3,02499;2,31046
3,50158;2,31046
3,22479;2,23703
2,17925;2,23703
49,3202;1,25367
48,8819;1,25367
49,2231;1,25117
48,7987;1,25117
3,68925;0,763614
2,62415;0,763614
1,82185;2,00838
1,0379;2,00838
20,4643;1,26965
18,3859;1,26965
2,72401;0,904606
1,11582;0,904606
25,7818;2,12624
27,4272;2,12624
25,8157;2,12596
27,4087;2,12596
32,7586;1,25336
33,8349;1,25336
8,27413;2,85266
8,06336;2,85266
4,84357;2,23668
3,06171;2,23668
29,2565;1,26145
29,3274;1,26145
13,9247;1,62775
13,2807;1,62775
5,5481;1,68551
5,11553;1,68551
4,77213;1,65517
5,46718;1,65517
7,65097;1,55583
8,40566;1,55583
15,9309;3,0135
14,728;3,0135
24,2369;1,89826
23,1791;1,89826
23,1749;1,846
22,1076;1,846
14,675;1,39339
13,5157;1,39339
33,2054;1,28481
34,7494;1,28481
12,8158;2,73158
12,9576;2,73158
9,7197;2,89604
10,2236;2,89604
2,35073;2,19722
2,90296;2,19722
1,88871;0,626826
2,97371;0,626826
6,02777;1,67246
5,61223;1,67246
14,2899;1,53289
14,9282;1,53289
15,5906;1,56122
14,9206;1,56122
13,1102;1,63781
12,3989;1,63781
12,8799;1,76214
12,5013;1,76214
13,4756;1,65162
14,3052;1,65162
50,17;1,4432
50,2253;1,4432
28,4541;2,4167
28,219;2,4167
9,61121;2,7574
10,042;2,7574
9,60672;2,75754
10,0317;2,75754
8,26383;2,89597
8,64913;2,89597
8,27478;2,89611
8,65725;2,89611
10,0945;3,03125
10,5456;3,03125
10,0838;3,03228
10,5422;3,03228
9,07546;2,83766
7,9161;2,83766
10,4366;2,96009
9,37206;2,96009
4,97204;2,29192
5,03535;2,29192
5,03402;2,31114
5,01314;2,31114
15,6054;2,83835
14,3785;2,83835
3,71206;2,38442
4,15332;2,38442
3,35675;2,31773
3,86785;2,31773
2,46595;2,04201
2,96993;2,04201
14,0449;1,13884
15,5049;1,13884
14,0893;1,14466
15,5447;1,14466
4,16617;2,47314
4,26452;2,47314
5,78369;2,47196
5,77865;2,47196
4,21448;1,69789
5,29854;1,69789
5,48083;1,70238
5,07152;1,70238
3,89137;2,18077
3,06904;2,18077
4,33603;2,48333
4,42653;2,48333
4,94719;1,72386
4,54473;1,72386
5,06601;1,70686
4,65444;1,70686
0,59506;1,99351
0,0488352;1,99351
28,2235;2,66682
29,335;2,66682
7,15322;2,44721
5,62265;2,44721
6,2568;2,50319
6,42061;2,50319
5,23886;2,43389
5,37229;2,43389
14,0191;1,71578
13,6353;1,71578
12,7789;0,971564
12,9741;0,971564
14,175;1,15606
15,6212;1,15606
21,9116;1,37686
23,4291;1,37686
39,2471;0,870881
38,7715;0,870881
29,8227;2,46633
30,1033;2,46633
29,7949;2,46395
30,0546;2,46395
15,0187;1,41167
15,4108;1,41167
4,82193;1,67561
4,85022;1,67561
4,6352;1,6833
4,66744;1,6833
37,389;1,20545
35,6205;1,20545
53,2689;1,28634
52,4;1,28634
51,443;1,88014
51,7983;1,88014
6,79461;2,64597
7,27123;2,64597
6,88997;2,64848
7,39381;2,64848
25,3269;2,11109
27,3658;2,11109
23,0956;0,92704
22,9143;0,92704
11,1952;1,06054
9,59028;1,06054
0,1941;0,879378
1,82576;0,879378
9,04362;2,83752
7,90498;2,83752
60,2928;1,69927
59,8411;1,69927
15,0649;1,56698
14,3348;1,56698
15,6651;1,50298
16,4382;1,50298
8,1859;2,15304
8,95313;2,15304
9,0458;2,11433
9,8611;2,11433
7,736;2,23379
8,35445;2,23379
11,9086;1,42519
11,59;1,42519
10,0813;1,46807
11,0695;1,46807
17,2367;1,05388
17,3339;1,05388
12,9947;1,49815
13,2633;1,49815
17,5074;1,37587
17,8381;1,37587
8,89617;2,55098
7,65334;2,55098
8,10398;2,4956
6,80675;2,4956
5,9314;2,48278
5,9615;2,48278
6,1644;2,49842
6,21796;2,49842
28,607;1,24144
28,9262;1,24144
5,18716;2,49865
5,66277;2,49865
4,45985;2,43687
4,92811;2,43687
37,5578;1,67351
36,6343;1,67351
37,7621;1,67865
36,8901;1,67865
48,5886;1,84356
47,645;1,84356
28,9329;1,33735
30,4867;1,33735
25,4315;1,35783
26,9915;1,35783
13,4809;2,92422
12,1714;2,92422
13,4712;2,92208
12,1605;2,92208
12,3841;2,96451
12,8187;2,96451
6,67658;2,7473
6,8388;2,7473
5,77962;2,67759
5,87131;2,67759
13,0762;1,67409
12,6089;1,67409
11,2032;1,89548
12,0654;1,89548
9,29317;1,52341
8,79816;1,52341
3,75027;1,74417
3,53695;1,74417
13,6811;1,78685
13,0878;1,78685
26,8046;2,4614
27,2243;2,4614
10,3845;2,94643
9,28134;2,94643
40,4761;1,23115
42,1194;1,23115
43,0197;1,29709
44,6734;1,29709
39,0691;1,13419
37,2443;1,13419
23,3843;1,33384
21,9107;1,33384
49,0976;1,84504
48,1643;1,84504
49,0461;1,84547
48,156;1,84547
5,03784;2,39359
5,30922;2,39359
52,1499;2,17987
52,0508;2,17987
51,7594;2,16528
51,6945;2,16528
49,342;1,2571
49,2189;1,2571
0,0385074;1,90926
0,857178;1,90926
15,218;1,66095
14,728;1,66095
14,6307;1,68458
14,1692;1,68458
24,5616;1,01259
18,6443;1,01259
5,55031;2,55543
5,94594;2,55543
6,49066;2,50186
6,79204;2,50186
12,6015;1,83334
12,0668;1,83334
15,6356;1,49489
16,3364;1,49489
15,5162;1,4924
16,1996;1,4924
15,7701;1,48015
16,4319;1,48015
10,0518;2,9186
10,5507;2,9186
8,10783;2,49905
6,79201;2,49905
16,1297;2,5575
14,2637;2,5575
8,5498;2,91699
8,93843;2,91699
9,04749;2,83876
9,51634;2,83876
13,153;1,81143
12,664;1,81143
12,3829;1,84801
11,9581;1,84801
6,45939;2,51731
6,63407;2,51731
0,321042;2,00535
0,228473;2,00535
53,4241;1,28146
52,5809;1,28146
14,5788;1,25398
15,1715;1,25398
5,63491;2,3466
4,09097;2,3466
4,95377;1,71806
4,55375;1,71806
23,9964;2,06498
23,3002;2,06498
5,95251;2,48365
5,97125;2,48365
5,42589;2,55443
5,55937;2,55443
4,96916;2,45447
5,49353;2,45447
28,1999;1,11698
29,7156;1,11698
3,85512;2,19142
3,00974;2,19142
4,09955;2,19205
4,58682;2,19205
6,15306;1,62991
7,28627;1,62991
9,37104;2,86074
8,21389;2,86074
4,83801;2,41306
4,78952;2,41306
4,89541;2,4167
4,85266;2,4167
28,6774;2,71209
29,86;2,71209
51,3838;1,80689
51,6883;1,80689
73,8422;1,56411
72,6266;1,56411
11,3312;3,0072
11,8725;3,0072
12,3842;2,95797
12,8126;2,95797
2,19103;2,06479
1,35012;2,06479
2,38795;2,06194
2,86186;2,06194
2,08665;2,22844
2,56552;2,22844
66,9639;1,5238
69,8557;1,5238
6,64268;2,40729
6,71376;2,40729
7,59638;2,81042
7,77046;2,81042
6,58309;2,62808
7,05581;2,62808
1,65839;2,16437
2,18734;2,16437
0,333046;2,01042
0,601175;2,01042
2,70658;2,38294
2,70855;2,38294
40,6916;1,56335
39,2431;1,56335
6,77975;0,981982
8,17133;0,981982
29,4956;1,11522
31,0553;1,11522
14,2576;1,16718
15,6947;1,16718
43,2894;1,2998
44,9529;1,2998
43,1793;1,35191
41,6347;1,35191
15,2289;2,96438
15,7711;2,96438
10,3302;3,15287
9,37527;3,15287
13,0721;3,13457
12,0042;3,13457
12,9661;2,74645
13,1674;2,74645
9,05738;2,84269
7,96706;2,84269
10,3743;2,94716
9,27816;2,94716
40,4316;2,06147
39,7882;2,06147
27,9144;2,31444
27,7321;2,31444
12,8579;1,69535
13,8414;1,69535
12,3972;1,84525
11,8904;1,84525
15,9573;1,56461
16,7342;1,56461
17,0873;1,51633
16,4302;1,51633
13,3626;1,66894
14,2118;1,66894
9,77316;2,08225
9,35389;2,08225
11,6937;2,0033
11,1034;2,0033
11,6208;1,94421
11,1283;1,94421
26,0405;0,701929
26,0654;0,701929
16,1671;1,37174
16,979;1,37174
16,7763;1,27993
17,3171;1,27993
24,3454;1,21112
24,7982;1,21112
7,24142;1,56586
7,9943;1,56586
11,7838;1,44591
11,2591;1,44591
16,3307;1,29316
17,2483;1,29316
8,64867;1,53735
8,17461;1,53735
7,95006;0,862073
6,6372;0,862073
24,8086;0,532658
23,4635;0,532658
16,8275;1,34305
16,1408;1,34305
25,8777;1,26857
26,0406;1,26857
68,5857;1,06716
70,5945;1,06716
29,8918;2,49222
27,9788;2,49222
45,1505;2,09835
44,5005;2,09835
9,0082;3,16403
9,64398;3,16403
38,8299;1,83376
37,9732;1,83376
3,05654;2,19196
3,01448;2,19196
2,40905;2,36662
2,44858;2,36662
6,58955;2,51754
6,85253;2,51754
46,6777;1,0359
45,6612;1,0359
9,33841;1,48833
9,27463;1,48833
