11,6629;0,96388
10,7914;0,96388
34,38;2,29882
31,2097;2,29882
36,77;2,1814
33,7887;2,1814
13,1395;2,20105
12,0795;2,20105
14,2933;2,47876
13,5167;2,47876
8,14607;1,25336
7,04007;1,25336
7,75259;1,02927
6,56693;1,02927
32,8502;2,36654
30,8971;2,36654
40,9958;1,92509
39,7214;1,92509
9,86213;1,70731
8,62307;1,70731
10,2295;2,17205
9,07018;2,17205
7,6127;0,786836
6,86172;0,786836
8,70983;1,42601
7,67504;1,42601
16,875;1,96613
15,3855;1,96613
8,23443;1,399
9,152;1,399
22,3501;3,67717
22,4038;3,67717
22,8066;3,46261
20,8002;3,46261
13,1096;0,96083
12,3875;0,96083
6,07236;0,900703
4,99766;0,900703
5,00263;1,48451
4,15437;1,48451
3,81093;1,36444
3,89285;1,36444
9,69574;1,75658
8,38132;1,75658
11,2718;1,75947
9,98718;1,75947
11,5148;1,51943
9,43893;1,51943
4,84967;1,36301
4,65994;1,36301
7,44754;1,166
6,72798;1,166
30,8627;1,76602
31,1748;1,76602
8,9782;1,9433
9,88883;1,9433
13,7734;2,0297
14,6787;2,0297
21,2662;3,04234
21,4538;3,04234
19,7966;2,96663
19,9731;2,96663
31,9909;2,18032
31,7062;2,18032
31,7581;1,80048
33,2231;1,80048
45,4208;2,18176
47,746;2,18176
20,8981;2,9038
21,0623;2,9038
14,2139;2,46061
13,4313;2,46061
14,006;2,45112
13,2687;2,45112
6,53038;1,01741
6,619;1,01741
28,5022;2,35102
26,506;2,35102
20,5392;2,65196
20,568;2,65196
20,7609;2,79085
20,5242;2,79085
19,6923;1,87805
18,4862;1,87805
8,27733;1,88034
7,31394;1,88034
6,39784;1,85393
6,5919;1,85393
29,2456;2,0466
29,4846;2,0466
13,3597;2,28448
11,5728;2,28448
26,1208;2,22264
27,6758;2,22264
26,1673;2,22519
27,7466;2,22519
4,43042;1,42958
3,3038;1,42958
18,5129;1,42766
19,3012;1,42766
7,55296;1,43586
6,33294;1,43586
14,1635;2,47227
13,4582;2,47227
13,7254;2,53265
12,6183;2,53265
8,87985;1,20333
8,09529;1,20333
6,27591;1,90701
4,9864;1,90701
19,6012;2,06403
18,6626;2,06403
22,265;3,27668
20,2623;3,27668
43,2523;1,6905
41,5945;1,6905
11,3752;1,43736
10,6362;1,43736
12,9475;1,82853
11,6484;1,82853
6,14445;1,34785
6,81365;1,34785
22,1686;2,79764
21,4793;2,79764
0,663771;0,642244
0,476856;0,642244
0,20622;0,647705
0,304065;0,647705
1,25876;0,61992
2,3873;0,61992
20,5432;2,76817
21,916;2,76817
41,5306;2,4912
39,2744;2,4912
11,5938;2,42083
11,9848;2,42083
20,9163;2,4167
20,2158;2,4167
5,9088;1,93006
4,4;1,93006
7,15461;1,44279
8,02329;1,44279
11,565;2,1916
8,1166;2,1916
4,59056;2,0421
3,12347;2,0421
6,00063;0,484568
5,8727;0,484568
37,8246;2,11683
35,75;2,11683
19,6916;1,90146
18,4985;1,90146
8,34088;1,91193
7,65364;1,91193
9,81607;1,94983
9,1184;1,94983
8,11295;2,04804
8,82143;2,04804
28,5658;2,34351
27,2872;2,34351
28,6088;2,44889
27,3545;2,44889
7,13413;1,89383
6,85097;1,89383
23,0633;3,42628
23,4673;3,42628
2,30492;0,482545
2,66385;0,482545
15,871;2,35468
16,5222;2,35468
20,6454;2,32969
21,7609;2,32969
10,8445;1,96941
9,55438;1,96941
28,5685;1,42079
27,8096;1,42079
0,195092;0,629007
1,19773;0,629007
1,54506;0,5028
2,49112;0,5028
8,16158;1,91172
7,80186;1,91172
8,21133;1,91949
7,85738;1,91949
21,5544;2,83089
22,1951;2,83089
9,79118;2,04689
7,04912;2,04689
20,7994;2,79036
20,6781;2,79036
26,6365;2,442
26,3238;2,442
29,0098;1,98268
27,0229;1,98268
26,9328;2,07754
26,4931;2,07754
20,6608;2,3426
20,3058;2,3426
2,10146;0,722263
1,0147;0,722263
2,75896;0,80915
1,64959;0,80915
1,99097;0,546797
0,771855;0,546797
3,52999;0,550364
4,29348;0,550364
4,18238;0,49614
4,9122;0,49614
3,44875;0,67955
2,71712;0,67955
0,90923;0,546439
0,380507;0,546439
6,9878;1,31477
6,70538;1,31477
1,15814;0,584503
0,0136494;0,584503
5,78214;1,90639
5,20598;1,90639
20,622;2,62503
20,3488;2,62503
15,9269;2,54168
15,2037;2,54168
7,06891;1,87795
7,57458;1,87795
8,04985;1,89279
7,67068;1,89279
27,7507;1,57483
27,6993;1,57483
24,6707;1,24458
17,979;1,24458
0,543096;0,48939
0,0159854;0,48939
27,0567;1,89083
26,6164;1,89083
4,69059;1,60803
3,5256;1,60803
9,9254;2,48026
9,71112;2,48026
21,1105;2,77967
22,6108;2,77967
20,9651;3,12418
20,99;3,12418
0,545084;0,577091
0,00361825;0,577091
17,5046;3,02194
18,1558;3,02194
7,16854;1,90074
6,89237;1,90074
10,4338;2,27813
11,27;2,27813
25,4268;3,00257
25,0269;3,00257
9,2185;2,2022
6,93391;2,2022
6,50269;1,13677
5,35927;1,13677
28,7082;2,69305
27,3457;2,69305
31,8391;2,5529
30,2047;2,5529
2,6981;0,773291
2,14617;0,773291
9,98469;1,79471
8,52429;1,79471
22,8244;3,37904
22,3375;3,37904
6,05978;1,85044
4,91004;1,85044
2,80633;0,537412
3,10335;0,537412
27,0881;2,06819
26,599;2,06819
28,2159;1,29573
24,5233;1,29573
9,62076;1,87242
8,80628;1,87242
7,2541;1,05536
6,06663;1,05536
0,417669;0,495746
0,899458;0,495746
34,3987;1,99753
31,5498;1,99753
32,7209;1,54434
30,7972;1,54434
22,1451;2,32902
21,6389;2,32902
19,5848;2,77742
21,4349;2,77742
19,4053;2,53088
18,9108;2,53088
6,69478;0,933351
5,20594;0,933351
6,67582;0,919836
5,1896;0,919836
12,1387;2,23379
12,5054;2,23379
33,8787;2,40501
31,6862;2,40501
28,6002;2,66917
27,1047;2,66917
20,9578;1,74114
16,4899;1,74114
4,87684;1,69142
4,27529;1,69142
22,3678;3,22883
21,9784;3,22883
22,4866;3,2344
22,1606;3,2344
25,3246;2,95075
24,9145;2,95075
23,6117;3,19077
24,6675;3,19077
14,9408;2,61681
16,2982;2,61681
21,4618;3,06043
21,9282;3,06043
6,75589;1,97794
7,37192;1,97794
26,4645;2,79022
25,6486;2,79022
21,0579;3,08914
21,2077;3,08914
26,4001;2,23143
25,8635;2,23143
7,02306;1,99871
5,52659;1,99871
21,5356;2,89786
20,5794;2,89786
21,4305;2,6644
20,2405;2,6644
27,6831;2,02478
26,9128;2,02478
14,5211;2,38055
11,6943;2,38055
20,644;2,03538
19,8534;2,03538
20,6291;2,03538
19,8756;2,03538
33,8829;2,40461
31,6396;2,40461
21,0372;3,05492
21,1545;3,05492
2,71986;0,606518
1,45193;0,606518
3,14012;0,570269
3,4196;0,570269
20,7162;2,43035
20,3242;2,43035
20,7753;2,52243
20,3402;2,52243
6,85032;0,994456
5,36178;0,994456
10,1696;1,08625
9,4104;1,08625
30,0004;1,51556
29,9711;1,51556
5,92047;2,00613
4,8169;2,00613
6,28211;2,08506
5,09661;2,08506
7,38836;2,02487
6,68163;2,02487
27,1175;2,23178
26,5856;2,23178
14,8169;2,23598
12,9034;2,23598
7,49752;1,46767
6,67696;1,46767
7,7463;1,52136
6,9621;1,52136
7,08323;1,34421
6,17918;1,34421
7,43905;1,45414
6,60418;1,45414
4,50293;0,716278
3,12418;0,716278
4,70237;0,753295
3,30982;0,753295
4,04057;0,655513
2,66284;0,655513
4,23071;0,680701
2,8528;0,680701
16,8652;2,62085
16,3719;2,62085
14,8907;2,61621
16,3295;2,61621
17,8669;2,71916
17,6414;2,71916
6,48404;1,74966
6,84969;1,74966
6,54246;1,7617
6,91734;1,7617
13,6765;2,64908
13,2886;2,64908
10,4998;2,28473
10,0088;2,28473
12,3822;2,07217
10,79;2,07217
8,75166;1,4304
7,63706;1,4304
4,31912;0,703043
2,94045;0,703043
38,7041;1,94773
37,3363;1,94773
12,9073;2,16347
8,27817;2,16347
9,51594;1,70926
8,84095;1,70926
33,9687;2,19464
31,5688;2,19464
5,37114;1,86876
4,95918;1,86876
6,7961;2,00408
5,51331;2,00408
30,9688;1,63003
30,2907;1,63003
7,59169;1,15029
6,43446;1,15029
27,0229;1,97229
26,597;1,97229
7,65231;1,17236
6,55397;1,17236
7,25671;1,05239
6,05813;1,05239
43,27;1,5562
41,5659;1,5562
10,0607;2,25733
7,25251;2,25733
10,4543;2,26589
7,45252;2,26589
3,74763;1,11522
2,62361;1,11522
33,896;2,29567
31,6139;2,29567
14,9583;2,50163
13,0405;2,50163
2,1871;0,560928
0,93954;0,560928
21,5826;3,41249
21,9082;3,41249
7,61473;1,15809
6,47893;1,15809
33,9567;2,19499
31,5822;2,19499
20,7547;2,74509
20,5897;2,74509
21,3702;2,60068
20,3593;2,60068
20,7841;2,87617
20,6276;2,87617
12,2004;2,27684
12,9964;2,27684
21,4327;2,68387
20,4405;2,68387
20,6512;2,6754
20,4807;2,6754
9,55112;1,72896
8,25685;1,72896
8,30828;1,58918
7,45863;1,58918
15,8839;2,53304
16,9792;2,53304
16,9544;2,63039
18,2197;2,63039
26,4107;2,13451
25,973;2,13451
26,2452;2,15013
26,7269;2,15013
28,6172;2,34769
27,0142;2,34769
6,58117;1,93148
5,35598;1,93148
8,7518;2,24942
8,54113;2,24942
7,25885;1,42285
7,09743;1,42285
7,19262;1,39465
6,36482;1,39465
20,9693;2,38253
22,0572;2,38253
21,0913;2,4318
22,2947;2,4318
20,9416;2,6439
21,0375;2,6439
22,9464;3,40893
23,271;3,40893
31,7757;2,05557
30,9336;2,05557
23,0297;3,19561
23,5777;3,19561
5,44728;1,77432
4,28692;1,77432
5,19985;1,7088
4,127;1,7088
26,5459;2,77925
25,8107;2,77925
4,10936;0,672021
2,7672;0,672021
16,3648;2,74245
17,944;2,74245
17,106;2,81265
17,1302;2,81265
24,9999;3,26027
24,8185;3,26027
27,5349;2,9999
26,732;2,9999
27,6264;3,08959
26,8966;3,08959
23,5955;3,41358
23,9196;3,41358
22,9382;3,47621
23,5199;3,47621
21,9954;3,47361
22,5924;3,47361
22,008;3,28086
22,0146;3,28086
27,1432;2,98492
26,342;2,98492
16,7256;2,61322
18,1106;2,61322
19,5482;2,54284
19,0956;2,54284
11,2162;1,97625
9,72237;1,97625
8,36183;1,76647
8,72623;1,76647
8,57379;1,78827
8,92292;1,78827
26,8624;2,4218
26,0261;2,4218
46,2555;1,7184
44,3582;1,7184
15,0828;3,07644
15,7408;3,07644
4,91233;0,78609
4,16048;0,78609
5,07897;0,806486
4,32541;0,806486
4,5699;0,718733
3,82729;0,718733
25,8517;2,53667
26,0649;2,53667
8,95288;1,80309
9,163;1,80309
26,3601;2,09984
26,862;2,09984
26,272;3,01973
25,7895;3,01973
21,1866;3,18758
21,4083;3,18758
22,4427;3,22938
22,0944;3,22938
28,5192;2,26538
27,1364;2,26538
28,7326;2,72692
27,4793;2,72692
26,0891;1,84525
26,7229;1,84525
10,7741;3,18623
11,6306;3,18623
26,8416;3,12625
26,3674;3,12625
9,86222;1,84058
8,71312;1,84058
11,3297;1,99282
9,89182;1,99282
21,4085;2,12569
20,0826;2,12569
20,9359;2,76201
21,2191;2,76201
4,99324;1,70617
4,40033;1,70617
22,8558;3,38264
23,139;3,38264
8,93048;1,49933
7,96245;1,49933
12,1287;1,75134
9,70649;1,75134
4,68048;1,91101
3,77612;1,91101
31,8516;2,43671
30,1258;2,43671
9,49029;2,70139
9,70772;2,70139
21,9373;3,59614
22,5221;3,59614
6,44075;1,91479
6,1845;1,91479
6,84944;1,99694
6,6884;1,99694
16,4371;2,58702
15,9249;2,58702
22,2378;2,88839
22,8385;2,88839
12,7528;2,18686
7,80189;2,18686
8,37102;2,05919
5,89166;2,05919
21,5182;2,37422
20,9031;2,37422
4,10264;0,917919
2,88424;0,917919
4,28109;0,940036
3,04926;0,940036
6,08991;1,05425
4,76724;1,05425
28,7622;2,09956
27,1554;2,09956
1,60074;0,490189
2,56275;0,490189
0,242177;0,528231
1,23629;0,528231
14,8726;2,28122
15,464;2,28122
7,23218;2,19695
7,1446;2,19695
7,72379;1,99184
8,36085;1,99184
11,2577;2,06298
10,1527;2,06298
0,64404;0,502411
0,101681;0,502411
21,6852;2,94098
21,6658;2,94098
8,73185;1,81154
9,11662;1,81154
9,87579;1,96204
9,19029;1,96204
33,8656;2,51092
31,7233;2,51092
32,3357;2,50296
31,7903;2,50296
34,2641;2,41298
31,4976;2,41298
30,0351;1,5131
30,0288;1,5131
7,02265;1,87158
6,72176;1,87158
7,19482;1,02469
5,90827;1,02469
7,61061;1,15623
6,46895;1,15623
6,66628;0,909137
5,18353;0,909137
28,2072;1,29513
24,4517;1,29513
3,3356;1,01606
2,18897;1,01606
10,1142;2,08074
10,5168;2,08074
13,2713;2,15131
11,69;2,15131
20,6276;2,61771
20,3843;2,61771
15,4406;2,6961
14,2905;2,6961
26,9594;2,075
26,4938;2,075
6,21596;1,05518
5,58518;1,05518
6,3237;1,4726
6,27745;1,4726
5,85376;1,57657
5,28477;1,57657
7,81191;1,39746
7,66418;1,39746
5,86185;0,914288
4,50577;0,914288
4,2627;0,670856
2,90558;0,670856
1,2395;0,625263
2,16002;0,625263
2,44192;0,600031
1,19683;0,600031
14,453;2,36893
11,6864;2,36893
32,4586;2,18203
31,4976;2,18203
4,68813;1,34173
3,81985;1,34173
5,34409;1,90465
4,2993;1,90465
12,6819;2,1891
7,70845;2,1891
16,0184;1,55331
10,7249;1,55331
6,46458;1,99537
5,78903;1,99537
23,5095;3,12437
24,2086;3,12437
12,9959;3,0209
13,4803;3,0209
15,6879;2,97058
15,9754;2,97058
22,5712;3,0286
23,5233;3,0286
31,9614;2,00184
30,9269;2,00184
30,2475;1,69431
29,0119;1,69431
32,8;2,1045
31,9739;2,1045
31,6856;2,20363
30,9614;2,20363
31,9479;2,65528
30,4432;2,65528
6,43519;1,91898
7,01816;1,91898
8,15989;1,73866
7,62305;1,73866
25,2359;3,36558
25,1014;3,36558
28,9037;2,81953
27,8141;2,81953
23,4568;3,22392
24,4789;3,22392
3,53819;0,749649
2,91356;0,749649
