0,988588;1,9107
2,45669;1,9107
32,6531;4,19152
31,8081;4,19152
26,1413;2,96108
25,4684;2,96108
25,7135;2,88799
25,1539;2,88799
31,4595;1,08661
30,9605;1,08661
3,34608;1,77443
4,91999;1,77443
9,49399;1,46767
9,45376;1,46767
43,9092;4,31924
38,2008;4,31924
32,6548;4,10537
30,7489;4,10537
7,42926;1,05758
4,04189;1,05758
8,28278;1,07447
4,8044;1,07447
4,02888;1,93492
4,70462;1,93492
6,15588;2,02507
4,00862;2,02507
7,00427;2,13148
4,83313;2,13148
1,96249;1,60498
5,39031;1,60498
5,94534;3,33331
6,12975;3,33331
4,0929;0,642853
4,60704;0,642853
3,88931;0,649817
4,41978;0,649817
40,1648;4,33874
40,3435;4,33874
41,1945;4,59917
38,6475;4,59917
14,1491;0,606518
16,1689;0,606518
3,08277;1,99204
2,51029;1,99204
29,469;4,07597
28,5035;4,07597
47,2411;2,82965
46,9453;2,82965
49,4266;3,18703
44,7159;3,18703
49,2432;2,95108
44,604;2,95108
6,31336;2,03298
1,0444;2,03298
1,52089;0,748866
3,88494;0,748866
3,25167;0,640108
5,44477;0,640108
0,728053;1,93229
0,123805;1,93229
0,474869;1,71018
4,58511;1,71018
1,1825;1,73596
4,01269;1,73596
0,658825;1,57768
4,14918;1,57768
59,508;1,04361
54,1696;1,04361
3,09992;0,997992
1,73155;0,997992
6,73372;1,0598
3,95311;1,0598
11,6302;0,885586
13,398;0,885586
4,90465;1,63159
6,31228;1,63159
3,7084;1,69212
5,01004;1,69212
4,73796;1,63315
6,22262;1,63315
4,90852;1,5238
6,51192;1,5238
7,32581;1,4143
9,02307;1,4143
8,26789;1,33031
10,2681;1,33031
2,82778;0,526004
5,04689;0,526004
28,407;0,96874
23,0346;0,96874
42,5674;3,84609
38,842;3,84609
45,8069;3,6179
40,7516;3,6179
6,84926;2,06886
1,42032;2,06886
0,424252;0,600357
3,79484;0,600357
5,41094;3,59461
6,17117;3,59461
24,9461;2,85252
24,4723;2,85252
25,0547;2,86198
24,6202;2,86198
7,61128;1,341
9,90395;1,341
53,3219;2,53296
48,8787;2,53296
0,730096;1,92224
0,189836;1,92224
23,1282;2,39089
15,1875;2,39089
13,6388;0,750171
17,5729;0,750171
8,73609;2,70052
9,37303;2,70052
18,0353;2,36331
17,4099;2,36331
4,8026;1,88388
4,39107;1,88388
5,69393;1,75178
6,79363;1,75178
3,26954;1,81402
4,32862;1,81402
30,4995;1,08625
24,5774;1,08625
16,3885;2,75669
15,3884;2,75669
7,50151;2,72426
8,17787;2,72426
22,3326;2,92342
22,6734;2,92342
5,70151;2,69377
6,25382;2,69377
14,9854;2,42527
6,05819;2,42527
8,98275;1,29875
10,2171;1,29875
32,6274;1,73054
24,0908;1,73054
5,66924;1,45508
7,9336;1,45508
9,93657;2,14411
2,20327;2,14411
27,4475;3,18985
26,5615;3,18985
10,2064;2,15885
2,19145;2,15885
2,61345;0,473126
4,85291;0,473126
2,04451;0,486583
4,31689;0,486583
42,5691;4,54864
37,6791;4,54864
0,0649285;1,74428
3,82667;1,74428
12,3277;0,802107
14,0544;0,802107
4,22285;1,93977
0,453913;1,93977
39,8315;4,46537
37,3258;4,46537
38,7742;4,47733
37,5434;4,47733
12,6572;2,30044
12,6918;2,30044
8,2806;2,04018
1,59222;2,04018
35,9883;2,15268
34,2795;2,15268
36,0299;2,16048
34,3357;2,16048
9,38541;1,92
8,22422;1,92
4,89539;3,09237
5,75259;3,09237
11,8481;2,67166
12,359;2,67166
10,4139;2,70414
11,0887;2,70414
0,163757;1,87659
0,840647;1,87659
2,46547;1,57806
7,01725;1,57806
25,1128;2,53505
17,2576;2,53505
15,2335;1,12587
17,0419;1,12587
14,0731;1,17387
15,9143;1,17387
2,10561;1,99204
1,24832;1,99204
1,34672;1,9436
0,389737;1,9436
0,842953;1,9261
0,0623488;1,9261
0,878886;2,02932
0,17596;2,02932
10,6338;2,17745
2,80512;2,17745
3,70381;0,607807
0,84758;0,607807
32,7308;4,19946
30,8166;4,19946
49,2319;3,21059
44,5867;3,21059
49,1177;3,22489
44,513;3,22489
5,77419;3,32555
6,15223;3,32555
5,93488;3,35071
6,43249;3,35071
4,23268;1,75658
5,39889;1,75658
12,3113;0,806486
14,0393;0,806486
6,12491;1,405
8,8497;1,405
3,85415;1,5184
6,92931;1,5184
9,33385;1,2718
10,4798;1,2718
0,311705;1,75647
3,56394;1,75647
1,63563;2,3516
1,68985;2,3516
2,97876;1,67865
2,50073;1,67865
4,88545;1,52033
6,51644;1,52033
5,78961;2,00896
0,557866;2,00896
8,02379;2,14101
7,86066;2,14101
47,8919;3,36482
43,1803;3,36482
22,9195;2,72412
22,9114;2,72412
23,5032;2,79918
23,5734;2,79918
7,76148;2,12983
5,94027;2,12983
20,7096;2,48317
18,5377;2,48317
15,5459;2,67328
16,1414;2,67328
4,84285;2,51201
5,21486;2,51201
7,25469;2,58096
6,25698;2,58096
1,45747;1,99802
2,1123;1,99802
2,74925;2,00399
2,06485;2,00399
6,20351;2,85108
5,50126;2,85108
26,9466;2,9198
26,6074;2,9198
40,6789;4,468
36,9717;4,468
7,19794;2,07698
1,51014;2,07698
45,1783;1,64318
39,5582;1,64318
4,53506;1,46834
7,868;1,46834
3,07094;1,8266
1,89499;1,8266
10,3033;1,25211
12,2138;1,25211
43,9088;4,28743
38,1699;4,28743
47,165;3,53003
41,6312;3,53003
30,0121;3,85011
29,9967;3,85011
9,90296;2,80163
10,6664;2,80163
7,55528;2,60452
8,0779;2,60452
17,8003;2,50124
17,9625;2,50124
22,2969;2,93171
22,6831;2,93171
48,0942;3,35211
43,2004;3,35211
9,41899;1,21273
11,4888;1,21273
41,4227;1,84864
33,8275;1,84864
42,6501;2,15341
35,1408;2,15341
9,31551;1,28054
11,2193;1,28054
5,52685;1,99469
0,679524;1,99469
44,8374;1,86288
41,6055;1,86288
43,3413;3,91637
38,6186;3,91637
44,283;4,24888
38,3645;4,24888
2,20577;1,56348
3,69105;1,56348
44,6311;4,14685
40,3216;4,14685
11,3319;2,21355
3,1284;2,21355
8,61755;1,53672
10,057;1,53672
7,60544;1,59667
9,02053;1,59667
0,244424;1,99665
0,379341;1,99665
2,39366;2,11868
1,88207;2,11868
6,8999;2,67218
7,47383;2,67218
10,575;2,16338
3,21579;2,16338
2,47109;1,71018
4,08758;1,71018
10,7433;1,68934
14,6137;1,68934
5,11938;1,70203
6,30965;1,70203
0,407621;1,96633
1,15973;1,96633
26,2594;2,96385
25,4418;2,96385
5,25056;0,504354
8,4896;0,504354
9,0499;1,41014
10,7683;1,41014
6,60661;1,54611
8,16808;1,54611
57,593;0,930622
51,8986;0,930622
13,6144;1,06514
14,7466;1,06514
7,66036;1,32604
9,45564;1,32604
8,83581;1,39718
9,54467;1,39718
2,4432;1,80168
2,08295;1,80168
50,771;3,25426
46,3817;3,25426
50,2291;3,048
46,0955;3,048
44,543;4,16217
40,2777;4,16217
23,7764;2,75435
23,5771;2,75435
18,7602;2,78923
17,6201;2,78923
49,1307;2,46299
44,5777;2,46299
44,6865;2,15631
40,6218;2,15631
27,6302;3,22889
26,7952;3,22889
20,8307;2,51653
21,569;2,51653
3,51357;1,87221
2,62487;1,87221
0,283091;1,97586
2,31249;1,97586
6,10145;1,78103
5,01557;1,78103
5,43671;2,66609
4,42424;2,66609
4,08745;2,23502
3,90211;2,23502
1,92051;2,39923
0,542264;2,39923
