21,1164;2,40721
21,9573;2,40721
12,1259;2,35825
12,1248;2,35825
22,5841;2,69675
23,5887;2,69675
19,9353;0,813011
18,8964;0,813011
48,4845;1,27901
51,2046;1,27901
29,758;2,21134
29,1995;2,21134
29,7606;2,17006
29,1266;2,17006
3,51273;2,05576
3,86569;2,05576
12,6195;2,969
11,6208;2,969
13,7249;2,7468
14,0714;2,7468
14,188;2,82542
14,6;2,82542
9,84334;1,87242
10,5189;1,87242
30,7528;1,81478
30,8849;1,81478
30,7145;1,56385
30,9219;1,56385
13,8526;3,01142
13,2663;3,01142
13,3564;2,95996
13,9376;2,95996
29,4571;1,42574
31,0636;1,42574
8,41018;1,50701
9,34441;1,50701
12,1164;2,53134
12,6885;2,53134
12,7181;2,41289
11,547;2,41289
11,9394;2,55374
12,3716;2,55374
10,2853;2,06004
11,1261;2,06004
10,0568;2,16781
11,7336;2,16781
4,16038;0,685855
5,70976;0,685855
39,2071;1,98515
38,8951;1,98515
8,24933;1,23353
7,63632;1,23353
8,23097;1,45952
9,14676;1,45952
8,6559;1,45131
8,61154;1,45131
10,1739;2,31046
11,2517;2,31046
10,6551;2,23703
11,1736;2,23703
29,9643;1,25367
29,9644;1,25367
29,1219;1,25117
30,9092;1,25117
22,4456;2,12624
24,4764;2,12624
22,6373;2,12596
24,5646;2,12596
10,5714;2,00838
10,1577;2,00838
22,4073;0,763614
24,3634;0,763614
27,1786;1,25336
29,0301;1,25336
17,4959;0,894818
18,9089;0,894818
20,5773;1,27748
19,2296;1,27748
11,9228;2,85266
12,4024;2,85266
12,0663;2,23668
11,0368;2,23668
23,0663;1,26145
24,0442;1,26145
9,14211;1,68551
10,3793;1,68551
9,07103;1,65517
9,74322;1,65517
8,75468;1,55583
9,43587;1,55583
8,4205;1,62775
9,87149;1,62775
15,9441;3,0135
14,8851;3,0135
22,6561;1,89826
23,0074;1,89826
22,512;1,846
22,5833;1,846
18,7717;1,39339
19,9993;1,39339
26,84;1,28481
29,3246;1,28481
13,5826;2,73158
14,0073;2,73158
11,9095;2,89604
12,6205;2,89604
9,84798;2,19722
10,9325;2,19722
18,2568;0,626826
19,7036;0,626826
9,10204;1,67246
10,34;1,67246
8,57078;1,53289
9,43935;1,53289
8,1371;1,56122
9,5862;1,56122
8,41957;1,63781
9,86042;1,63781
8,56491;1,76214
9,93778;1,76214
8,54048;1,65162
9,33209;1,65162
29,2823;1,4432
31,26;1,4432
23,0134;2,4167
24,4093;2,4167
11,8904;2,7574
12,5835;2,7574
11,9114;2,75754
12,6089;2,75754
11,3505;2,89597
12,1091;2,89597
11,3644;2,89611
12,1235;2,89611
11,9343;3,03125
12,5724;3,03125
11,9201;3,03228
12,5585;3,03228
11,8317;2,83766
12,0165;2,83766
12,0195;2,96009
12,0484;2,96009
11,6494;2,29192
12,7146;2,29192
11,8599;2,31114
12,933;2,31114
15,5682;2,83835
14,5557;2,83835
10,3924;2,38442
11,4506;2,38442
10,1521;2,31773
11,2123;2,31773
10,0635;2,04201
11,1538;2,04201
18,9515;1,13884
21,2035;1,13884
11,3293;2,47314
12,4202;2,47314
11,9577;2,47196
12,9972;2,47196
9,79286;1,69789
10,4183;1,69789
9,19188;1,70238
10,429;1,70238
10,369;2,18077
10,8701;2,18077
9,25878;1,72386
10,4883;1,72386
9,21027;1,70686
10,4365;1,70686
11,3759;2,48333
12,4598;2,48333
9,39731;1,99351
10,5521;1,99351
12,1706;2,44721
12,519;2,44721
11,6506;2,50319
12,6403;2,50319
11,5001;2,43389
12,5432;2,43389
22,018;2,66682
23,9608;2,66682
18,2833;0,971564
19,7313;0,971564
8,35672;1,71578
9,71917;1,71578
19,0131;1,15606
21,2564;1,15606
18,9923;1,15046
21,2384;1,15046
22,4424;1,37686
24,1026;1,37686
5,72055;0,870881
7,2399;0,870881
22,3978;2,46633
23,9694;2,46633
22,4066;2,46395
23,9553;2,46395
22,0233;1,12831
19,0946;1,12831
22,9602;1,24144
23,9793;1,24144
8,95308;1,49815
9,9171;1,49815
8,43867;1,37587
9,42882;1,37587
8,58961;2,15304
9,36463;2,15304
8,51563;2,11433
9,29294;2,11433
8,42766;2,23379
9,2318;2,23379
8,82715;1,42519
10,1402;1,42519
9,04568;1,48015
9,73264;1,48015
30,6732;1,28634
32,2677;1,28634
10,3397;0,92704
11,9591;0,92704
11,0073;2,64597
11,9084;2,64597
10,9591;2,64848
11,8467;2,64848
21,8275;2,11109
24,2208;2,11109
29,8843;1,88014
32,2107;1,88014
18,6043;1,06054
19,8685;1,06054
17,2478;0,879378
18,7362;0,879378
28,2368;1,20545
29,0817;1,20545
11,7813;2,83752
11,967;2,83752
8,13119;1,56698
9,59369;1,56698
8,48399;1,50298
9,334;1,50298
8,07067;1,41167
8,94752;1,41167
10,451;1,67561
11,7115;1,67561
10,4789;1,6833
11,7372;1,6833
19,636;1,05388
20,9908;1,05388
13,1243;2,96451
13,6535;2,96451
32,3342;1,69927
34,7276;1,69927
12,011;2,55098
12,245;2,55098
11,9602;2,4956
12,255;2,4956
11,8969;2,48278
12,9228;2,48278
11,8977;2,49842
12,9103;2,49842
10,6202;2,49865
11,6085;2,49865
10,4823;2,43687
11,5059;2,43687
26,5228;1,67351
27,7355;1,67351
26,5077;1,67865
27,747;1,67865
28,9258;1,84356
30,5487;1,84356
25,2852;1,33735
27,7767;1,33735
24,1534;1,35783
26,1114;1,35783
13,7452;2,92422
13,3412;2,92422
13,7517;2,92208
13,3561;2,92208
11,3816;2,7473
12,2698;2,7473
11,3088;2,67759
12,2486;2,67759
8,67827;1,67409
10,1051;1,67409
8,52666;1,89548
9,2907;1,89548
8,61496;1,52341
9,89042;1,52341
9,95357;1,74417
11,1884;1,74417
8,00229;1,78685
9,38598;1,78685
21,4618;2,4614
23,0417;2,4614
12,1238;2,94643
12,1771;2,94643
28,3174;1,23115
30,7086;1,23115
29,4618;1,13419
30,3188;1,13419
23,8703;1,33384
22,8105;1,33384
28,8465;1,84504
30,4908;1,84504
28,8405;1,84547
30,5039;1,84547
11,1237;2,39359
12,1551;2,39359
31,1325;2,17987
33,399;2,17987
31,244;2,16528
33,5125;2,16528
29,1331;1,2571
30,9071;1,2571
8,43151;1,49489
9,28944;1,49489
8,41528;1,4924
9,27329;1,4924
8,3582;1,48015
9,22161;1,48015
9,76643;1,90926
10,354;1,90926
8,06762;1,66095
9,43976;1,66095
8,17997;1,68458
9,54554;1,68458
25,19;1,01259
20,6694;1,01259
11,3622;2,50186
12,3131;2,50186
10,9276;2,55543
11,9183;2,55543
8,22417;1,83334
9,59667;1,83334
12,0532;2,9186
12,7448;2,9186
11,9987;2,49905
12,2945;2,49905
15,9491;2,5575
14,8308;2,5575
11,4469;2,91699
12,1891;2,91699
11,7947;2,83876
12,5729;2,83876
8,14986;1,81143
9,51026;1,81143
8,35849;1,84801
9,71384;1,84801
11,6753;2,51731
12,6539;2,51731
9,42416;2,00535
10,573;2,00535
30,6518;1,28146
32,2768;1,28146
11,9164;2,3466
12,3292;2,3466
7,74415;1,25398
8,48413;1,25398
21,9804;2,06498
22,6222;2,06498
11,928;2,48365
12,9543;2,48365
11,5167;2,55443
12,551;2,55443
10,4406;2,45447
11,4281;2,45447
25,8159;1,11698
28,1258;1,11698
9,24346;1,71806
10,4687;1,71806
10,4028;2,19142
10,905;2,19142
10,388;2,19205
11,4204;2,19205
9,58214;1,62991
10,212;1,62991
11,9074;2,86074
12,0672;2,86074
11,8429;2,41306
12,9246;2,41306
11,8387;2,4167
12,9171;2,4167
22,0627;2,71209
24,0673;2,71209
29,7298;1,80689
32,0127;1,80689
37,0433;1,56411
39,757;1,56411
12,5501;3,0072
13,1641;3,0072
13,1741;2,95797
13,7089;2,95797
10,1303;2,06479
10,6772;2,06479
10,1158;2,06194
11,2119;2,06194
9,97526;2,22844
11,0777;2,22844
35,3904;1,5238
39,9154;1,5238
11,972;2,40729
12,9558;2,40729
11,5896;2,81042
12,4209;2,81042
10,9703;2,62808
11,8859;2,62808
9,79422;2,16437
10,9041;2,16437
10,0458;2,01042
10,6305;2,01042
11,2341;2,38294
12,3764;2,38294
27,6011;1,56335
28,6522;1,56335
18,0704;0,981982
20,8204;0,981982
25,9266;1,11522
28,404;1,11522
28,3913;1,2998
30,8472;1,2998
28,4967;1,35191
29,5402;1,35191
15,1854;2,96438
16,1564;2,96438
11,8841;3,15287
11,903;3,15287
13,358;3,13457
12,9877;3,13457
13,6025;2,74645
14,0282;2,74645
11,7042;2,84269
11,8865;2,84269
12,1033;2,94716
12,1561;2,94716
27,5537;2,06147
29,0495;2,06147
22,316;2,31444
23,6725;2,31444
8,80641;1,69535
9,58122;1,69535
8,30351;1,84525
9,6757;1,84525
8,17774;1,56461
8,98761;1,56461
7,96018;1,51633
9,40723;1,51633
8,64143;1,66894
9,44927;1,66894
8,37917;2,08225
9,72207;2,08225
7,93942;2,0033
9,30327;2,0033
8,22123;1,94421
9,57715;1,94421
12,11;0,701929
13,8649;0,701929
8,51485;1,37174
9,33984;1,37174
7,66056;1,27993
8,47158;1,27993
7,64701;1,21112
8,64383;1,21112
8,79332;1,56586
9,46969;1,56586
8,32386;1,44591
9,62829;1,44591
8,26869;1,29316
9,01606;1,29316
8,67566;1,53735
9,93433;1,53735
18,7426;0,862073
20,2714;0,862073
14,1791;0,532658
16,9215;0,532658
7,83469;1,34305
9,23153;1,34305
22,8285;1,26857
23,1504;1,26857
35,2684;1,06716
38,9873;1,06716
22,4771;2,49222
22,99;2,49222
28,4441;2,09835
30,0701;2,09835
11,2802;3,16403
12,0132;3,16403
26,9148;1,83376
28,2181;1,83376
11,5313;2,19196
12,6721;2,19196
11,1026;2,36662
12,2522;2,36662
11,4847;2,51754
12,4386;2,51754
30,5243;1,0359
31,6828;1,0359
9,73559;1,48833
11,0335;1,48833
