11,2687;1,88357
11,5344;1,88357
14,2314;2,01616
14,3103;2,01616
0,26676;0,934608
0,34018;0,934608
16,5307;4,03294
16,5068;4,03294
19,6128;1,69847
20,145;1,69847
16,3123;0,949975
15,5889;0,949975
22,836;1,84801
21,4717;1,84801
19,4079;1,84727
17,7285;1,84727
4,77938;2,65535
4,92557;2,65535
0,472415;1,02603
0,145655;1,02603
0,114215;0,999951
0,960251;0,999951
6,2273;1,29286
6,84139;1,29286
0,470589;1,6158
0,577672;1,6158
0,474211;1,61459
0,578642;1,61459
8,86362;1,45911
8,07897;1,45911
53,1447;1,62257
51,3905;1,62257
0,0877627;1,26841
1,05212;1,26841
0,428418;1,99292
0,792041;1,99292
0,842659;1,23115
0,118448;1,23115
17,0184;1,8137
15,2906;1,8137
16,6752;1,72918
16,427;1,72918
10,0641;1,81035
10,5077;1,81035
57,931;1,80851
58,6371;1,80851
48,8868;2,38203
47,3376;2,38203
32,6136;2,46601
33,4856;2,46601
22,2625;1,31893
24,8021;1,31893
16,1493;1,63829
15,4982;1,63829
0,599132;1,58942
0,238071;1,58942
14,9985;4,11161
15,3801;4,11161
17,6935;4,13095
17,2627;4,13095
17,0355;2,13423
17,6278;2,13423
15,8145;2,26123
16,434;2,26123
16,7249;2,52476
18,1376;2,52476
18,6139;2,52708
17,6531;2,52708
18,2488;1,81768
16,7151;1,81768
30,0902;1,73416
28,5562;1,73416
2,1436;2,75499
1,94843;2,75499
24,321;1,1335
22,2164;1,1335
22,8494;2,38671
21,4828;2,38671
19,9613;2,46005
18,7809;2,46005
1,03873;1,17886
0,184113;1,17886
5,63263;2,12348
4,59078;2,12348
20,2003;1,65505
18,7072;1,65505
22,9188;1,51827
21,742;1,51827
17,3038;1,8744
15,4656;1,8744
0,74166;2,51116
0,503437;2,51116
0,844969;1,49972
0,46359;1,49972
1,50662;1,4432
0,00282006;1,4432
0,0717354;2,04277
0,528646;2,04277
1,68242;2,38639
0,366909;2,38639
12,6258;1,04941
9,23735;1,04941
20,2483;1,37615
15,9602;1,37615
18,9493;2,76336
16,6573;2,76336
0,665909;1,72907
0,610055;1,72907
0,237854;1,17536
1,35953;1,17536
0,652026;1,95064
1,0197;1,95064
0,13755;1,35422
1,42693;1,35422
19,9333;1,52264
18,2631;1,52264
16,5471;1,34843
14,3077;1,34843
0,118847;1,27901
1,7551;1,27901
20,5521;1,01008
16,7097;1,01008
0,745157;1,60742
0,749155;1,60742
0,742527;1,6062
0,751732;1,6062
1,63853;2,19499
0,283928;2,19499
4,7995;2,64752
3,45182;2,64752
17,7241;2,11997
16,9936;2,11997
2,9296;2,31385
1,33773;2,31385
37,3771;1,50987
35,0194;1,50987
0,0463437;1,21466
1,45536;1,21466
0,228383;1,36501
1,4289;1,36501
20,2702;2,4314
17,2961;2,4314
21,5023;1,56898
18,821;1,56898
0,152629;1,28161
1,35197;1,28161
1,18108;2,2124
0,173511;2,2124
1,81832;2,4184
0,499571;2,4184
0,678824;1,56735
0,813766;1,56735
0,637356;1,46967
0,680664;1,46967
19,4371;1,85108
17,265;1,85108
19,5724;1,99635
17,4315;1,99635
0,105426;1,25819
1,51155;1,25819
20,8506;2,52429
18,9677;2,52429
0,219424;1,30296
1,38883;1,30296
0,169139;1,31893
1,32919;1,31893
0,113163;1,54624
1,06413;1,54624
0,34027;1,24678
1,51871;1,24678
19,4748;1,63996
16,1952;1,63996
0,24114;1,15572
1,35026;1,15572
0,451117;0,984569
0,973464;0,984569
15,8013;2,05443
13,7432;2,05443
20,1716;2,39898
18,9365;2,39898
20,2679;2,46204
18,4665;2,46204
20,1548;2,3643
18,8968;2,3643
17,0229;4,04588
15,5127;4,04588
19,5805;1,84917
17,3811;1,84917
20,3769;2,15277
17,9486;2,15277
19,8355;2,1172
17,983;2,1172
20,4304;2,36753
18,0353;2,36753
0,815811;1,54712
0,857345;1,54712
0,653326;1,46313
1,02385;1,46313
6,68905;0,683283
4,95953;0,683283
6,59852;0,62495
4,87677;0,62495
18,3215;1,81197
16,334;1,81197
11,4931;1,81229
9,07066;1,81229
2,49516;1,68133
1,04335;1,68133
0,556268;1,30536
0,805773;1,30536
0,54825;1,29498
0,810664;1,29498
0,48533;1,23859
0,866947;1,23859
3,37792;2,75207
3,06758;2,75207
0,428392;1,63135
0,690202;1,63135
0,354743;1,58733
0,765313;1,58733
0,492514;0,972571
0,908584;0,972571
19,619;2,37883
17,1918;2,37883
18,0868;4,0292
16,6767;4,0292
16,1183;1,11908
13,7805;1,11908
0,297867;1,16332
1,43093;1,16332
21,4906;1,12518
19,381;1,12518
17,9381;1,4775
15,2632;1,4775
17,9407;1,47711
13,7217;1,47711
17,3176;1,20073
14,2649;1,20073
15,6054;1,08822
11,8894;1,08822
3,82833;1,96124
2,5751;1,96124
4,42921;2,0269
3,2624;2,0269
3,91671;1,97932
2,67622;1,97932
20,0234;1,91356
17,3167;1,91356
20,4499;1,89217
18,6253;1,89217
0,0475208;1,2427
1,15455;1,2427
15,6449;2,20939
14,3612;2,20939
25,5896;1,981
24,3663;1,981
9,06751;1,50558
7,73862;1,50558
10,6119;2,30783
8,24905;2,30783
8,31091;2,27452
7,93998;2,27452
20,0201;1,72397
16,9805;1,72397
19,5782;1,75535
16,5442;1,75535
2,67558;1,74742
1,28091;1,74742
12,6995;2,11369
11,5964;2,11369
17,3878;2,3001
16,0897;2,3001
19,2176;2,35933
17,7052;2,35933
20,1077;2,5877
18,9075;2,5877
0,520123;1,49894
0,996838;1,49894
0,349695;1,09522
1,75072;1,09522
0,143614;1,22557
1,54194;1,22557
0,167705;1,22892
1,29375;1,22892
0,455949;1,22621
0,901596;1,22621
4,88202;2,39212
4,94876;2,39212
3,16994;2,24455
2,80726;2,24455
37,3623;1,91162
35,0855;1,91162
20,5963;1,6567
18,0298;1,6567
20,6702;1,65552
18,0839;1,65552
21,2148;1,41831
19,1615;1,41831
21,2987;1,42217
18,3818;1,42217
18,1047;3,13588
16,0873;3,13588
18,9803;2,75456
16,6445;2,75456
12,8788;0,468137
11,1476;0,468137
20,9416;2,33607
18,9331;2,33607
19,1319;1,58288
15,7064;1,58288
0,803189;2,05567
0,585029;2,05567
20,9382;2,29678
18,9115;2,29678
20,5213;2,29508
19,0832;2,29508
0,385744;1,57247
1,24557;1,57247
20,4454;1,72556
17,6291;1,72556
20,1616;2,21964
17,7642;2,21964
0,129218;1,37658
1,45467;1,37658
0,00378302;1,27656
1,5729;1,27656
2,02803;2,46164
0,729541;2,46164
20,1446;2,45702
18,4015;2,45702
29,4097;1,22908
25,8323;1,22908
19,6228;1,95124
16,9067;1,95124
0,253664;1,13453
1,35805;1,13453
0,307409;1,11417
1,41971;1,11417
20,0735;2,36273
18,8425;2,36273
20,0074;1,63411
16,8819;1,63411
19,7628;1,69893
16,6527;1,69893
2,49201;2,6459
1,24989;2,6459
20,6415;2,43228
18,7015;2,43228
0,267284;1,47485
1,11629;1,47485
0,214013;1,28603
1,28419;1,28603
18,1106;1,72033
16,0439;1,72033
14,1268;2,02033
14,5121;2,02033
14,3652;2,02313
12,5829;2,02313
0,276596;1,27088
1,44633;1,27088
0,0217617;1,51788
1,23239;1,51788
20,3287;2,11137
17,8813;2,11137
21,2973;1,47962
19,3047;1,47962
21,311;1,42423
18,4176;1,42423
20,9219;1,11065
17,5707;1,11065
0,685438;1,60376
0,837677;1,60376
0,223727;1,47724
1,18194;1,47724
0,218884;1,47485
1,18723;1,47485
0,0299694;1,18548
1,4668;1,18548
1,30438;2,2652
0,0330347;2,2652
0,123352;1,00308
0,949169;1,00308
19,313;1,75725
17,11;1,75725
1,36529;2,29064
0,023747;2,29064
19,9357;2,03047
17,3539;2,03047
5,00732;2,06469
2,85068;2,06469
13,6427;0,406382
11,949;0,406382
30,0283;1,25461
27,899;1,25461
30,0925;1,25164
27,9623;1,25164
19,6169;1,84875
17,4106;1,84875
16,3397;3,88731
14,8337;3,88731
16,3424;3,93632
14,8334;3,93632
20,7374;1,28207
16,0425;1,28207
20,1304;1,46233
18,3184;1,46233
18,7408;2,86382
16,5042;2,86382
19,6667;1,66871
16,4637;1,66871
19,7862;1,51852
16,3695;1,51852
20,189;2,24472
17,8201;2,24472
19,4818;1,58548
16,1078;1,58548
20,6294;2,41403
18,38;2,41403
0,314147;1,50506
1,29077;1,50506
0,584768;1,71075
1,08921;1,71075
0,0450492;1,63255
1,54744;1,63255
0,0566295;1,55104
1,62487;1,55104
0,335029;1,14688
1,47396;1,14688
0,103393;1,21483
1,37936;1,21483
0,305204;1,24096
1,47111;1,24096
25,3832;1,8612
22,9914;1,8612
25,3155;1,8443
24,0754;1,8443
0,0232376;1,00988
1,37584;1,00988
0,493067;1,13729
0,676664;1,13729
7,55269;2,11748
4,86849;2,11748
11,5276;2,31317
8,74843;2,31317
0,488865;1,87868
0,719415;1,87868
2,80176;2,10636
1,88343;2,10636
1,27311;1,97249
0,460455;1,97249
0,901979;1,86414
0,838102;1,86414
18,9649;2,00418
16,7361;2,00418
17,3715;1,98327
15,7705;1,98327
18,2199;2,20824
16,7788;2,20824
19,2399;2,51217
17,7819;2,51217
1,01774;2,32018
0,324156;2,32018
0,139577;1,27441
1,77937;1,27441
0,237842;1,3848
0,820448;1,3848
0,0692782;1,16818
1,13156;1,16818
0,138586;1,10181
1,26981;1,10181
0,233524;1,14842
1,62272;1,14842
0,20935;1,01972
0,843191;1,01972
6,79228;0,727393
5,05108;0,727393
0,827825;1,87878
0,599236;1,87878
1,90745;2,11859
0,501859;2,11859
0,458038;1,59814
0,927047;1,59814
0,537955;1,48068
0,955769;1,48068
0,403691;2,28216
0,925132;2,28216
5,41173;2,0663
3,1989;2,0663
0,339315;0,948739
1,10635;0,948739
21,0298;1,83109
20,0813;1,83109
29,5608;1,44591
27,7092;1,44591
0,640788;1,51168
0,7088;1,51168
0,513503;1,45804
0,851715;1,45804
20,9553;1,86886
18,4714;1,86886
13,657;0,39217
11,9539;0,39217
29,0649;1,23907
26,962;1,23907
22,4442;1,02297
18,408;1,02297
20,7057;1,75022
18,3285;1,75022
21,5489;1,04755
19,0405;1,04755
20,4696;1,9702
17,9497;1,9702
21,5203;1,98031
19,6184;1,98031
0,0130196;1,14329
1,47179;1,14329
