26,0551;1,44496
25,2659;1,44496
13,1562;0,832513
11,9693;0,832513
2,34137;1,5288
1,65619;1,5288
42,3348;2,25029
39,6057;2,25029
42,7127;2,36323
40,0803;2,36323
10,5071;1,9705
8,09862;1,9705
3,63858;0,568895
4,98427;0,568895
9,03284;0,674927
7,7149;0,674927
40,4995;2,06942
41,633;2,06942
16,3776;2,91363
15,1172;2,91363
10,2732;2,91168
9,29395;2,91168
11,8832;1,65635
11,1054;1,65635
6,06344;1,66036
7,07547;1,66036
10,4628;2,28045
9,65867;2,28045
5,10612;2,32515
2,5401;2,32515
5,64534;2,4812
5,54338;2,4812
34,7159;1,99724
32,3042;1,99724
4,38153;0,750171
5,42949;0,750171
3,58556;1,64282
2,7575;1,64282
2,09273;1,03401
0,887222;1,03401
0,740773;1,23146
1,55927;1,23146
0,502596;1,23717
1,48182;1,23717
2,18722;1,37928
3,14538;1,37928
26,3458;3,05492
26,3609;3,05492
20,3907;2,32313
19,3828;2,32313
18,3917;2,32843
17,6482;2,32843
2,50948;1,33867
1,40381;1,33867
1,82776;1,29347
1,32865;1,29347
5,05339;1,41596
5,96566;1,41596
33,6583;2,48451
31,7333;2,48451
2,32632;1,3253
1,30212;1,3253
7,87749;0,559182
8,20806;0,559182
5,18804;2,16672
3,94119;2,16672
12,8302;1,70869
11,48;1,70869
4,33425;1,34232
3,54791;1,34232
1,70837;1,34407
2,6389;1,34407
8,34589;2,30758
7,57716;2,30758
20,1283;2,30707
19,3496;2,30707
34,6908;1,04941
35,035;1,04941
2,1799;1,00872
0,739922;1,00872
7,79262;2,07933
6,73711;2,07933
11,5392;2,15949
10,4451;2,15949
4,94588;0,757439
5,76864;0,757439
31,9665;2,02903
33,1584;2,02903
11,3945;2,63188
7,82509;2,63188
51,3802;0,818766
51,4175;0,818766
14,819;2,69972
12,7459;2,69972
9,28328;1,68423
8,64408;1,68423
2,22411;1,23907
1,88301;1,23907
1,13051;1,2842
2,07199;1,2842
24,0136;2,96887
21,5837;2,96887
20,2379;2,73237
17,547;2,73237
6,88219;2,32119
6,93744;2,32119
9,68847;2,32608
8,35433;2,32608
24,9088;1,40597
22,5031;1,40597
22,9542;1,41941
20,1889;1,41941
8,21871;2,17412
7,24135;2,17412
8,83872;2,25281
7,91958;2,25281
7,33706;2,16636
5,08284;2,16636
8,53713;0,61612
8,9778;0,61612
24,5536;3,91757
22,8814;3,91757
14,6848;1,18746
12,1018;1,18746
3,33485;1,532
4,31516;1,532
2,66364;1,37245
1,58795;1,37245
29,7988;3,06401
28,8777;3,06401
25,4901;3,4939
23,2419;3,4939
33,9654;2,54083
35,4595;2,54083
34,41;2,64826
35,9756;2,64826
34,132;1,9331
30,4404;1,9331
15,9871;1,89269
15,1271;1,89269
20,6049;2,42083
19,7467;2,42083
22,4026;1,16936
17,1867;1,16936
20,4342;1,10038
15,7174;1,10038
8,80268;2,12034
7,87079;2,12034
27,4447;1,60888
24,7732;1,60888
28,2755;1,69385
25,5964;1,69385
28,5118;1,73416
25,9836;1,73416
4,76742;1,48556
3,47698;1,48556
4,57645;1,47565
3,23254;1,47565
8,06044;3,28432
7,79121;3,28432
12,9465;2,6085
13,3548;2,6085
19,008;2,23625
18,4042;2,23625
19,2207;2,27116
18,6408;2,27116
20,9354;2,45925
19,9477;2,45925
5,35346;1,85878
4,23615;1,85878
16,4581;1,90413
15,7371;1,90413
14,8113;2,92041
9,76234;2,92041
14,8226;2,92021
9,86021;2,92021
25,784;3,28742
23,2147;3,28742
34,5699;2,37017
30,6048;2,37017
36,1101;2,21205
31,5677;2,21205
5,05176;0,517377
6,32043;0,517377
0,330113;1,33163
1,56095;1,33163
0,221076;1,33662
1,44388;1,33662
5,99131;0,74991
6,58367;0,74991
6,44317;0,63211
7,05905;0,63211
48,3211;1,86718
43,6542;1,86718
1,44797;1,36888
0,154407;1,36888
4,81762;1,52457
3,43259;1,52457
4,08164;1,42203
2,70633;1,42203
0,453665;0,942738
1,7144;0,942738
6,59558;2,10747
5,63393;2,10747
6,11653;2,05281
5,13628;2,05281
25,0174;3,44611
23,4094;3,44611
25,0014;3,44412
23,4116;3,44412
25,0255;3,46306
23,4189;3,46306
24,9722;3,41679
23,3178;3,41679
30,6426;3,15802
28,6675;3,15802
3,79238;0,50629
5,12279;0,50629
2,96507;0,648309
4,41029;0,648309
41,1045;2,18749
39,1879;2,18749
18,5183;2,17178
17,946;2,17178
7,76576;1,73844
7,63725;1,73844
25,0635;2,85753
22,9011;2,85753
5,14056;0,591491
6,4457;0,591491
4,47958;0,725507
5,81546;0,725507
24,8997;2,94504
22,8985;2,94504
12,0902;2,80205
11,0175;2,80205
13,16;1,71703
11,6225;1,71703
12,1807;2,63151
7,48975;2,63151
14,8056;2,92034
9,7052;2,92034
11,3399;1,99321
10,1671;1,99321
26,1445;3,6657
23,9752;3,6657
31,6936;3,09642
29,9566;3,09642
32,3597;2,55971
30,631;2,55971
14,3275;2,87535
15,1491;2,87535
27,0021;3,45292
26,14;3,45292
6,86339;1,77696
5,72828;1,77696
1,21201;1,4379
0,00450267;1,4379
0,901684;1,05072
1,89967;1,05072
4,71922;1,01298
1,39231;1,01298
19,0232;1,2842
16,5509;1,2842
21,1526;1,34071
18,2856;1,34071
12,6095;2,70704
12,9404;2,70704
8,90635;1,60364
8,6197;1,60364
41,1826;2,19776
37,7545;2,19776
14,5065;0,720908
10,9771;0,720908
35,3811;1,82166
30,2029;1,82166
36,0476;2,07556
31,1495;2,07556
24,8799;3,55011
24,5492;3,55011
3,63272;0,577769
5,00757;0,577769
25,56;3,41868
23,2029;3,41868
38,0627;2,01421
36,5775;2,01421
39,5801;1,91602
36,494;1,91602
20,8088;2,1866
15,1116;2,1866
20,8781;2,19348
15,3545;2,19348
20,9582;2,20913
15,6531;2,20913
1,21168;1,22237
0,146529;1,22237
4,62546;0,678685
5,86118;0,678685
3,90625;0,752515
5,21551;0,752515
4,40159;0,761047
5,02401;0,761047
4,51671;1,30116
3,0306;1,30116
1,95049;1,48359
1,6813;1,48359
25,0421;3,54315
23,629;3,54315
24,8908;3,54099
24,5537;3,54099
5,23616;1,03458
1,75379;1,03458
8,43553;2,07679
7,48777;2,07679
9,52013;3,30162
9,32328;3,30162
19,9863;1,82091
12,8895;1,82091
23,7748;2,18445
18,7558;2,18445
9,43478;3,37255
8,24672;3,37255
9,43737;3,37742
8,26687;3,37742
24,7399;2,88066
23,8252;2,88066
24,8908;2,95532
25,1588;2,95532
4,93944;0,585506
6,24152;0,585506
4,36765;0,724698
5,67932;0,724698
1,04974;1,34944
0,246359;1,34944
6,30341;1,95435
5,19375;1,95435
5,44355;1,66189
4,25176;1,66189
4,98307;1,72249
4,83672;1,72249
5,01465;1,72714
3,90697;1,72714
41,4099;2,24838
37,7028;2,24838
12,9486;2,68292
8,50121;2,68292
11,7993;1,62027
10,1238;1,62027
12,701;1,69293
11,0337;1,69293
1,51163;1,26857
0,171568;1,26857
1,06822;0,865019
3,20694;0,865019
2,87384;0,724157
4,64024;0,724157
7,72656;2,11544
6,71654;2,11544
30,2566;2,05852
29,358;2,05852
3,61253;1,41637
2,26961;1,41637
3,68167;1,41485
2,35157;1,41485
0,534198;1,11943
0,873281;1,11943
0,205299;1,16298
0,254157;1,16298
10,4925;2,48617
6,38555;2,48617
24,6674;3,06216
22,4746;3,06216
25,0306;3,30873
22,9101;3,30873
18,5476;0,686426
13,8132;0,686426
21,4792;2,54952
20,66;2,54952
21,4818;2,55175
20,6644;2,55175
53,1965;1,08065
49,3111;1,08065
23,7044;2,46545
21,342;2,46545
9,17322;0,637044
7,12388;0,637044
0,329645;0,943776
0,597228;0,943776
3,41767;1,51051
2,15806;1,51051
41,2504;2,46315
37,8349;2,46315
42,3128;2,11322
39,1252;2,11322
42,0922;2,02854
38,9946;2,02854
5,8324;0,567862
4,62394;0,567862
8,65817;1,97278
7,58914;1,97278
2,22179;0,772278
4,08826;0,772278
2,22922;0,766172
4,0774;0,766172
35,472;2,14338
33,3922;2,14338
35,6609;2,52538
32,3757;2,52538
41,4963;2,34092
37,6397;2,34092
6,80103;1,89857
5,72537;1,89857
6,32516;1,95685
5,23285;1,95685
5,63351;1,78356
4,54095;1,78356
23,3857;2,39784
19,3564;2,39784
2,02003;1,30746
1,55818;1,30746
2,13158;1,3094
1,67063;1,3094
10,2863;2,47915
7,03862;2,47915
2,48421;1,61022
1,26898;1,61022
30,8632;3,30014
27,8451;3,30014
2,52325;1,35089
2,11779;1,35089
41,187;2,0845
37,6767;2,0845
41,269;2,46387
37,819;2,46387
7,27283;1,82252
6,10338;1,82252
14,8149;2,91752
10,011;2,91752
14,8097;2,91551
10,0941;2,91551
39,5159;1,79024
37,6759;1,79024
41,0409;1,65918
38,9362;1,65918
5,89652;0,574713
4,6938;0,574713
11,9376;0,793029
10,2041;0,793029
11,0424;0,718461
8,66602;0,718461
26,4179;0,752775
21,4772;0,752775
0,380437;0,954906
1,64306;0,954906
4,65101;1,57483
4,42713;1,57483
41,4742;2,24376
37,6672;2,24376
41,5763;2,66712
37,8505;2,66712
25,161;3,55033
23,7626;3,55033
25,0812;3,50649
23,6531;3,50649
8,58523;3,25973
8,27597;3,25973
3,62576;1,42642
2,26763;1,42642
3,59102;1,4212
2,23647;1,4212
6,66661;1,77476
5,47329;1,77476
5,19721;0,620235
6,40191;0,620235
2,51197;1,29815
1,17939;1,29815
2,48846;1,3561
2,08921;1,3561
8,65865;2,65306
8,37448;2,65306
34,7082;2,20123
29,9557;2,20123
32,8056;2,13625
29,7936;2,13625
26,238;3,639
24,6843;3,639
10,6449;0,706929
8,57472;0,706929
25,0697;3,6454
23,8163;3,6454
24,9021;2,88093
23,9959;2,88093
16,6367;1,82638
11,1198;1,82638
14,4361;2,08431
9,80604;2,08431
14,1373;2,83269
8,50241;2,83269
42,9309;1,80504
39,1842;1,80504
28,9694;3,12211
27,9418;3,12211
29,2469;3,26968
27,0325;3,26968
0,0655077;1,17153
0,399829;1,17153
25,4758;3,93024
23,8703;3,93024
34,0447;2,45352
31,2356;2,45352
34,0983;2,55589
31,3543;2,55589
22,7169;2,58051
20,5811;2,58051
21,9832;2,73638
21,0993;2,73638
20,636;0,99485
16,7397;0,99485
22,3044;1,00464
20,58;1,00464
11,4026;2,29959
10,8264;2,29959
11,9543;2,21311
11,269;2,21311
25,818;3,22076
23,9658;3,22076
20,1486;2,7846
19,7849;2,7846
22,6724;2,57405
20,498;2,57405
12,5029;1,68864
8,26736;1,68864
14,5451;1,7088
9,79218;1,7088
0,476093;1,23606
0,879554;1,23606
18,3027;0,903956
16,1813;0,903956
3,87712;0,597089
5,31893;0,597089
25,0338;3,03132
23,1107;3,03132
25,2884;3,17928
24,5321;3,17928
4,52319;1,54763
3,33328;1,54763
19,0211;1,04624
14,5802;1,04624
28,4086;1,75758
25,9103;1,75758
4,92149;1,36602
3,55422;1,36602
7,71584;2,18041
4,93314;2,18041
23,636;2,44849
19,9088;2,44849
15,3687;1,13004
12,6566;1,13004
27,1249;3,47316
25,2439;3,47316
25,2458;3,79411
24,8753;3,79411
29,2186;1,82799
26,7275;1,82799
10,7371;3,07689
9,99284;3,07689
10,0355;2,56071
9,69192;2,56071
9,1815;2,73838
9,1278;2,73838
20,4205;2,40428
19,6685;2,40428
21,1458;0,895256
16,5966;0,895256
48,3849;1,8592
43,6444;1,8592
24,9809;3,21479
22,8575;3,21479
38,0032;1,17002
33,2523;1,17002
35,2249;2,61142
34,2259;2,61142
35,3259;2,58422
32,8227;2,58422
35,6004;2,78418
34,0678;2,78418
7,83759;0,682136
6,50621;0,682136
5,2612;1,8497
4,13383;1,8497
8,96325;2,33297
6,06605;2,33297
24,9653;3,51318
23,6979;3,51318
24,441;3,3503
22,9075;3,3503
15,0443;1,85192
14,1724;1,85192
11,8091;1,88689
10,4638;1,88689
8,22611;1,66331
6,86117;1,66331
18,2871;2,19945
17,9184;2,19945
3,74165;1,41748
2,41702;1,41748
6,0655;1,68725
4,89295;1,68725
25,6939;3,25221
23,1966;3,25221
8,88218;2,13056
7,95533;2,13056
2,21744;0,774302
4,09331;0,774302
0,566512;1,18416
0,125862;1,18416
26,3043;0,750171
21,4169;0,750171
0,36728;0,974781
2,84952;0,974781
6,36531;1,63901
5,04898;1,63901
41,1256;2,18955
39,1676;2,18955
41,3145;2,46418
37,7803;2,46418
6,30801;1,95475
5,19372;1,95475
14,0926;0,828979
10,8764;0,828979
32,9861;1,04792
27,2482;1,04792
0,842182;1,19354
0,28562;1,19354
5,25206;0,519265
6,58317;0,519265
34,9921;1,71464
28,9891;1,71464
4,94254;0,532658
6,19971;0,532658
41,7192;2,10375
37,5306;2,10375
34,9047;2,4184
30,6904;2,4184
25,7456;2,81918
21,6233;2,81918
35,3475;2,45559
33,9032;2,45559
25,8488;3,14006
22,7406;3,14006
24,6853;2,78122
21,0027;2,78122
33,2867;2,25967
28,6792;2,25967
21,5916;2,6189
20,6865;2,6189
8,75123;2,94198
7,74788;2,94198
12,4669;2,55918
12,6662;2,55918
17,8491;2,88235
16,8237;2,88235
30,8218;1,3176
28,9882;1,3176
37,4648;1,48424
35,3298;1,48424
28,4342;1,15165
26,4494;1,15165
31,6542;1,16785
27,5367;1,16785
39,215;1,50259
35,485;1,50259
53,3191;1,50948
49,7992;1,50948
41,1882;2,06023
38,1674;2,06023
12,4329;2,10905
11,5138;2,10905
32,6939;2,92483
30,9418;2,92483
34,0697;2,86471
32,0365;2,86471
32,7482;2,8812
30,7819;2,8812
25,2423;3,66896
23,4379;3,66896
31,7491;3,11232
30,0862;3,11232
30,4772;3,10898
28,6816;3,10898
31,5305;2,95353
30,0873;2,95353
30,4568;3,13719
27,9021;3,13719
34,5879;2,60166
31,2294;2,60166
