55,9428;1,3179
51,0989;1,3179
49,9326;1,05109
49,0237;1,05109
35,6301;1,3855
37,2006;1,3855
8,6391;2,53837
8,62045;2,53837
9,52332;2,60654
9,58898;2,60654
2,14817;2,25845
1,81252;2,25845
29,0058;2,43188
29,1769;2,43188
28,9597;2,42931
29,1428;2,42931
4,71003;2,37875
4,43591;2,37875
13,4471;2,50335
13,0447;2,50335
51,3499;2,15077
50,61;2,15077
11,3828;3,01045
11,8458;3,01045
11,0979;2,98242
11,536;2,98242
6,37482;2,42115
6,69386;2,42115
10,2449;2,91564
9,01395;2,91564
8,71904;2,54353
8,80701;2,54353
0,381659;1,86215
0,774871;1,86215
4,9881;2,29738
5,27996;2,29738
6,31022;2,40355
6,66375;2,40355
0,852083;2,6998
0,243725;2,6998
50,9586;1,58733
49,2312;1,58733
45,2212;2,2614
44,6655;2,2614
28,6077;2,17349
27,8955;2,17349
28,7457;2,18122
28,0347;2,18122
24,6557;1,05425
24,915;1,05425
29,1289;2,45527
29,2754;2,45527
27,9023;0,878042
28,5878;0,878042
9,64701;3,0849
10,0369;3,0849
9,58718;3,06254
9,93758;3,06254
28,9531;2,62301
27,8159;2,62301
27,4368;2,61629
26,1689;2,61629
17,7078;2,86273
16,7611;2,86273
11,7926;3,01844
10,537;3,01844
12,0334;3,0471
10,8232;3,0471
10,146;2,91349
10,5494;2,91349
67,2041;1,3969
65,6871;1,3969
46,9763;1,68202
47,2781;1,68202
1,39302;1,88927
0,225224;1,88927
0,166074;1,88679
0,495205;1,88679
1,32778;1,86928
0,200096;1,86928
0,988745;1,91867
1,37185;1,91867
10,4092;2,6619
10,6333;2,6619
7,43854;2,45878
7,32568;2,45878
14,2559;2,84806
14,4495;2,84806
1,10928;1,88003
0,0224464;1,88003
1,39018;1,8792
0,237176;1,8792
7,90052;2,61022
8,16149;2,61022
5,17107;2,29695
5,50733;2,29695
5,26588;2,29712
5,61421;2,29712
42,6833;1,32145
44,3943;1,32145
33,8423;1,3281
35,4164;1,3281
17,5344;2,86136
16,5621;2,86136
6,45918;2,50515
6,36054;2,50515
5,48097;2,44384
5,4379;2,44384
12,1091;3,04215
10,7855;3,04215
9,94601;2,89895
10,3299;2,89895
4,48014;2,20016
4,8603;2,20016
2,32483;1,72986
2,99279;1,72986
4,39428;1,87325
4,04416;1,87325
3,70472;1,90475
3,36583;1,90475
3,29259;1,83654
2,64039;1,83654
0,847792;1,86215
0,139628;1,86215
5,18211;0,596433
7,52301;0,596433
10,127;0,502021
11,4631;0,502021
0,423401;1,78871
1,01599;1,78871
11,3969;2,76173
11,6413;2,76173
11,1759;0,843951
12,6749;0,843951
20,1503;0,754851
10,4686;0,754851
10,966;0,957362
1,25301;0,957362
2,25871;1,94189
2,51676;1,94189
0,783126;1,84854
0,333358;1,84854
1,2191;0,739664
0,395674;0,739664
1,72347;1,69304
1,5141;1,69304
2,6585;1,65043
2,38898;1,65043
0,662723;1,93199
0,201241;1,93199
2,42727;1,94017
1,95205;1,94017
0,636468;2,70154
0,964117;2,70154
0,640393;2,68824
0,40597;2,68824
1,69469;2,39572
1,09101;2,39572
1,23745;1,99429
1,98227;1,99429
1,95815;2,4587
1,45967;2,4587
27,3689;2,27933
27,1837;2,27933
28,2823;2,3738
28,1016;2,3738
17,4611;2,85328
16,4465;2,85328
17,4413;2,8519
16,4345;2,8519
12,8895;2,7262
12,9554;2,7262
12,8662;2,72706
12,9495;2,72706
9,64054;2,83918
8,20697;2,83918
9,65877;2,84028
8,22325;2,84028
16,6388;2,59676
16,6363;2,59676
15,8268;1,16969
16,8383;1,16969
15,784;1,17852
16,812;1,17852
32,7283;1,53697
31,1537;1,53697
35,5336;1,63961
34,1982;1,63961
5,63596;2,33917
6,02503;2,33917
4,33367;2,18373
4,7325;2,18373
11,7326;2,91564
10,5565;2,91564
11,0669;3,06886
9,7966;3,06886
11,5336;2,76343
11,9471;2,76343
8,70342;1,31179
8,30164;1,31179
2,95401;2,12274
2,78864;2,12274
0,040322;1,75323
0,432531;1,75323
14,8911;1,06625
12,6258;1,06625
12,9737;1,12326
10,548;1,12326
20,8683;1,33016
22,0153;1,33016
20,8434;1,33501
22,0025;1,33501
4,4833;2,2078
4,88647;2,2078
0,70249;1,78608
0,391379;1,78608
0,539368;1,83728
0,96501;1,83728
26,9812;2,50733
27,3429;2,50733
26,9331;2,50437
27,2926;2,50437
6,09211;1,44645
7,0542;1,44645
51,8113;1,04755
46,8599;1,04755
6,28783;2,42769
6,64375;2,42769
5,16207;2,35302
5,45606;2,35302
5,22075;2,35268
5,52452;2,35268
11,0619;2,86355
11,4215;2,86355
10,7256;2,83518
11,0509;2,83518
4,39843;1,47406
4,05768;1,47406
2,58054;1,54902
2,39937;1,54902
2,36927;1,9106
3,21336;1,9106
1,07166;1,84207
2,07847;1,84207
0,329409;2,72405
0,791892;2,72405
28,1757;2,34694
28,1612;2,34694
10,7949;2,83573
11,0568;2,83573
11,7912;3,01798
10,5627;3,01798
11,8096;3,01552
10,5684;3,01552
15,9091;2,84716
14,4282;2,84716
6,26132;2,49387
6,19632;2,49387
11,0642;2,98406
11,5467;2,98406
11,3897;2,89651
11,7656;2,89651
10,7168;2,83849
11,0609;2,83849
5,35249;2,34452
5,69428;2,34452
4,25195;2,26736
4,54857;2,26736
0,895351;1,71988
0,987787;1,71988
9,88128;2,64005
10,0354;2,64005
9,8878;2,77537
8,80313;2,77537
9,09685;2,70855
7,96554;2,70855
31,7035;1,21917
32,6707;1,21917
6,55083;2,35119
6,71066;2,35119
59,9898;1,14552
56,6276;1,14552
6,48961;2,51053
6,46459;2,51053
6,85693;2,3967
6,95681;2,3967
12,6998;2,9857
11,5229;2,9857
11,9612;3,05191
12,4828;3,05191
0,634751;1,81585
0,60211;1,81585
4,38641;2,47417
5,89465;2,47417
6,1087;2,4797
5,97741;2,4797
7,67216;2,69748
7,78907;2,69748
6,78756;2,63552
6,87474;2,63552
8,21101;2,50038
8,34964;2,50038
7,08809;2,55382
7,1382;2,55382
31,0575;1,63781
32,43;1,63781
35,2151;1,44861
32,8353;1,44861
7,22857;2,44016
7,25683;2,44016
8,26415;2,51077
8,35919;2,51077
15,2529;2,94284
15,6443;2,94284
11,2642;3,19782
10,2433;3,19782
11,9295;3,13875
10,7655;3,13875
9,20186;2,84262
9,58644;2,84262
2,17623;2,358
1,99165;2,358
1,85342;2,37603
1,68519;2,37603
0,870856;2,53837
1,33147;2,53837
0,567713;2,55818
1,04979;2,55818
0,498602;2,71642
0,945568;2,71642
6,01564;2,1357
5,2717;2,1357
0,241916;2,04698
0,190699;2,04698
23,3974;2,26192
22,7628;2,26192
6,83533;1,3848
6,42983;1,3848
9,17815;1,29905
8,78699;1,29905
0,0272756;2,60098
0,39514;2,60098
2,543;2,14119
2,29403;2,14119
28,0618;2,39906
27,7642;2,39906
29,6975;2,52925
29,5114;2,52925
11,9448;3,04491
12,4563;3,04491
13,3542;3,01844
12,1688;3,01844
15,9107;3,00752
16,4088;3,00752
43,0762;1,37402
40,7772;1,37402
6,96062;2,29038
6,85529;2,29038
7,56307;2,5802
7,53829;2,5802
29,7897;2,57625
27,9624;2,57625
29,8632;2,59352
28,2672;2,59352
58,2507;1,56548
55,7832;1,56548
64,1105;1,42244
60,9647;1,42244
10,2211;3,1295
10,6716;3,1295
0,49314;2,63165
1,17371;2,63165
49,5372;1,5256
47,7269;1,5256
0,726389;2,25464
1,83863;2,25464
10,8739;3,0496
9,56931;3,0496
16,1504;2,72297
16,4953;2,72297
17,8719;2,8934
16,8931;2,8934
28,2728;2,35169
28,2451;2,35169
13,6253;2,78228
13,7117;2,78228
30,3148;3,41816
35,0578;3,41816
3,59224;0,590829
3,73169;0,590829
0,0726674;0,752255
0,0605642;0,752255
4,17713;1,6001
4,00083;1,6001
3,27263;1,82606
2,89828;1,82606
1,55499;2,39849
2,48135;2,39849
27,6918;2,11618
26,901;2,11618
16,5118;2,58679
16,4966;2,58679
15,8741;1,16096
16,8675;1,16096
2,873;2,06004
3,24511;2,06004
4,33489;2,17484
4,75019;2,17484
10,4525;2,94371
10,9031;2,94371
6,53315;2,46783
6,85505;2,46783
9,19321;2,84641
9,60449;2,84641
10,1514;2,92637
10,6067;2,92637
46,391;1,21208
44,0384;1,21208
5,55434;2,30673
5,9636;2,30673
7,03641;2,54361
6,99059;2,54361
51,7717;2,20691
51,2376;2,20691
5,02219;2,28088
5,3968;2,28088
15,6425;2,82702
14,1989;2,82702
1,54644;2,55964
1,07439;2,55964
2,06566;1,74809
3,10711;1,74809
1,58336;1,79286
2,61009;1,79286
2,42252;2,15867
3,57258;2,15867
3,09977;2,02748
4,32796;2,02748
13,2454;2,7623
13,3935;2,7623
13,5713;2,78474
13,6932;2,78474
12,6955;2,975
13,0694;2,975
11,4651;3,00622
10,2595;3,00622
11,4066;3,01272
10,2437;3,01272
12,299;3,08083
11,1508;3,08083
69,3562;1,31492
65,9164;1,31492
5,59902;2,34026
5,50054;2,34026
8,33982;2,52228
8,36113;2,52228
7,68436;2,47575
7,70468;2,47575
32,987;1,3284
33,9169;1,3284
11,0623;2,98577
11,5485;2,98577
1,24313;1,6797
0,815853;1,6797
0,402843;2,71318
0,89192;2,71318
4,40973;1,81908
5,39705;1,81908
11,0604;3,07027
9,79491;3,07027
43,3693;1,59667
42,2332;1,59667
45,2576;1,19567
43,0963;1,19567
70,2692;1,43559
66,8121;1,43559
64,8905;1,52995
61,8204;1,52995
68,7544;1,41084
65,5581;1,41084
27,6176;2,61434
26,0536;2,61434
45,373;2,26408
44,4412;2,26408
41,7961;2,29917
41,756;2,29917
7,87804;2,56353
8,29671;2,56353
6,69272;2,36521
5,37552;2,36521
9,19899;2,71209
8,13978;2,71209
23,4468;2,05643
22,5956;2,05643
25,4953;1,98169
24,391;1,98169
22,213;1,99371
21,2765;1,99371
7,79211;2,47021
9,52907;2,47021
7,17576;2,43534
7,21375;2,43534
8,58091;2,76845
8,76955;2,76845
7,92348;2,61419
8,16129;2,61419
1,79815;2,05519
2,07553;2,05519
3,6245;2,13212
4,00592;2,13212
12,0395;1,13969
12,7205;1,13969
48,1619;1,93492
47,0272;1,93492
39,3183;1,463
40,7229;1,463
37,884;1,74058
39,6082;1,74058
19,404;1,05555
17,1481;1,05555
32,8361;1,34988
30,4541;1,34988
37,5077;1,44902
38,6799;1,44902
34,087;1,14654
31,4392;1,14654
13,2155;2,75705
13,3541;2,75705
11,6775;3,12619
10,5063;3,12619
9,49246;3,05966
9,87096;3,05966
12,7232;2,98006
13,153;2,98006
11,3841;3,01617
11,8704;3,01617
10,624;3,16236
11,1338;3,16236
8,30969;2,50936
8,46495;2,50936
12,8403;2,73051
12,9617;2,73051
13,547;2,65328
13,784;2,65328
11,5088;2,89455
11,802;2,89455
10,1936;3,00387
10,4651;3,00387
8,38667;2,86054
8,54859;2,86054
10,9;2,97223
9,69415;2,97223
28,8018;2,45734
28,5812;2,45734
28,3636;2,35991
28,2823;2,35991
28,4242;2,37356
28,5022;2,37356
44,6423;2,14694
43,7152;2,14694
27,6199;2,30121
27,4482;2,30121
26,671;1,07155
24,1641;1,07155
52,1349;1,06257
46,6814;1,06257
1,34702;2,10561
2,42745;2,10561
3,10911;2,01149
2,85249;2,01149
1,70068;2,19553
2,82821;2,19553
4,14336;1,81251
3,94109;1,81251
4,88706;1,87628
4,64161;1,87628
2,14886;2,44256
1,81198;2,44256
2,57965;2,24716
3,73406;2,24716
4,17255;2,07924
4,19948;2,07924
1,59421;2,39163
2,31878;2,39163
1,13233;2,58316
0,698659;2,58316
1,69615;1,98051
0,866879;1,98051
1,2556;1,82799
2,06409;1,82799
0,158144;1,81337
0,712438;1,81337
0,175256;2,02429
0,62379;2,02429
3,64988;1,59839
3,5297;1,59839
2,77814;1,62678
3,94117;1,62678
0,750155;1,83632
1,18761;1,83632
1,29158;1,64639
2,20404;1,64639
2,86836;1,61919
2,44473;1,61919
2,32069;1,1525
5,58158;1,1525
55,5834;1,01317
52,6826;1,01317
3,66385;1,53072
3,31855;1,53072
1,83874;1,57607
1,25101;1,57607
5,17379;1,62895
5,09419;1,62895
0,2579;1,86015
0,865718;1,86015
2,76255;1,8676
2,46855;1,8676
9,65847;1,02641
10,4314;1,02641
0,661227;2,23038
1,56455;2,23038
2,24336;2,35185
2,12136;2,35185
68,2334;0,94564
64,5254;0,94564
26,0031;2,24873
27,9954;2,24873
31,9553;1,97764
33,7587;1,97764
10,242;2,91423
10,624;2,91423
8,63793;2,76591
8,80134;2,76591
23,3714;2,26192
22,7557;2,26192
22,3492;2,02091
21,4094;2,02091
26,2333;2,4622
25,8164;2,4622
40,7445;1,25632
41,5203;1,25632
37,622;1,80797
36,4925;1,80797
39,6351;1,49855
40,7441;1,49855
41,0827;1,57545
42,6364;1,57545
29,0383;1,53289
30,3103;1,53289
43,8915;1,92539
42,6278;1,92539
48,3923;1,73776
49,8612;1,73776
5,53838;2,21744
5,28812;2,21744
6,20821;2,38121
6,0488;2,38121
6,78039;2,50327
7,07629;2,50327
43,8328;2,04038
42,7166;2,04038
58,9429;0,813973
53,4508;0,813973
4,36268;1,81121
4,57348;1,81121
