24,3061;1,46687
26,956;1,46687
15,3899;1,86299
16,2596;1,86299
18,4056;1,78334
19,096;1,78334
16,0831;1,88782
16,7612;1,88782
16,8951;1,79188
18,9607;1,79188
19,5891;1,69535
20,2142;1,69535
12,2621;1,94169
12,9818;1,94169
0,984073;1,43135
1,04563;1,43135
0,978825;1,42574
1,06814;1,42574
26,0806;0,969952
20,8361;0,969952
25,4946;0,886028
18,167;0,886028
4,07172;0,769231
0,695274;0,769231
0,786043;0,738605
4,01356;0,738605
1,17375;0,62401
6,10839;0,62401
18,9345;1,1955
13,7348;1,1955
20,0772;1,25133
15,0198;1,25133
10,9129;2,08675
12,7263;2,08675
19,5927;0,811083
14,2891;0,811083
29,2449;0,937743
24,212;0,937743
9,06539;0,53008
14,8529;0,53008
9,47026;0,861165
5,22827;0,861165
8,75071;0,924292
4,5182;0,924292
16,1862;0,948326
13,117;0,948326
16,5923;0,950593
13,533;0,950593
1,12235;1,41996
3,70405;1,41996
1,0729;1,42079
3,60293;1,42079
7,92311;0,828035
5,21254;0,828035
27,3803;1,11803
24,3177;1,11803
93,6722;0,442348
98,2945;0,442348
11,9207;0,812047
15,3237;0,812047
11,7646;0,805515
15,2149;0,805515
15,4156;0,861619
18,587;0,861619
2,90077;2,30206
2,71081;2,30206
2,54133;1,66859
3,34416;1,66859
9,18319;1,59888
9,7036;1,59888
21,2084;1,77872
18,9033;1,77872
25,3748;1,60486
24,1537;1,60486
22,4723;1,75413
20,405;1,75413
12,7895;2,17754
11,097;2,17754
3,31659;0,715732
1,57479;0,715732
2,40578;2,04631
1,7236;2,04631
18,8491;1,82446
20,1056;1,82446
15,7065;1,87158
17,546;1,87158
22,4446;1,68179
23,578;1,68179
26,042;0,73834
31,2672;0,73834
49,9443;0,530818
55,1289;0,530818
23,4236;1,60827
22,309;1,60827
6,9474;2,04975
5,43736;2,04975
7,72136;0,742568
1,99065;0,742568
25,669;1,6408
22,5337;1,6408
1,02878;1,42588
2,97991;1,42588
0,995366;1,42505
3,11744;1,42505
29,7354;0,721179
34,8997;0,721179
24,8593;1,62654
22,0379;1,62654
4,85289;1,73077
3,26321;1,73077
21,4251;1,05016
17,1583;1,05016
19,4445;0,989525
15,587;0,989525
10,4679;0,758472
4,66914;0,758472
16,6167;0,832042
11,3974;0,832042
2,53177;1,54775
2,69656;1,54775
22,087;1,3353
16,4345;1,3353
11,7885;0,674347
16,2244;0,674347
21,0827;0,777832
23,2873;0,777832
1,11678;1,53608
2,47667;1,53608
6,37323;1,71006
4,89029;1,71006
17,9542;1,8297
17,8482;1,8297
24,3738;1,63734
24,3241;1,63734
23,05;1,6541
21,8938;1,6541
25,5783;1,55268
24,496;1,55268
25,9515;1,5499
24,8742;1,5499
21,3585;1,67269
20,7912;1,67269
22,0027;1,77927
21,7263;1,77927
22,2121;1,77916
21,9071;1,77916
24,7118;1,64723
24,0381;1,64723
24,1593;1,64996
23,4834;1,64996
17,4846;0,9475
13,0338;0,9475
13,0783;1,88979
13,6832;1,88979
27,6942;1,5752
24,6913;1,5752
27,2805;1,5297
25,5001;1,5297
16,0073;0,740721
21,8725;0,740721
13,6279;0,772531
16,8083;0,772531
24,0236;3,49626
23,4643;3,49626
7,10258;2,01538
5,47832;2,01538
18,439;1,7785
19,1363;1,7785
9,19319;0,775312
4,56848;0,775312
27,1355;0,898093
29,0513;0,898093
24,5016;1,65458
22,3452;1,65458
22,474;1,03816
18,8013;1,03816
6,83666;0,838601
10,0885;0,838601
16,894;1,69858
14,3726;1,69858
7,67039;2,06573
6,06181;2,06573
23,1008;1,71874
22,0948;1,71874
5,2166;1,00386
10,5761;1,00386
4,72918;1,00775
10,0933;1,00775
27,5521;1,46206
25,3238;1,46206
26,9524;1,35321
24,3889;1,35321
28,2299;1,69812
25,4904;1,69812
20,4329;1,73709
18,8869;1,73709
18,7381;0,798929
13,38;0,798929
2,68228;0,691538
2,40053;0,691538
11,186;0,794508
6,2257;0,794508
24,3143;1,68841
23,7325;1,68841
24,6663;1,64092
23,7898;1,64092
13,3992;1,99341
14,746;1,99341
10,8143;2,15559
8,93624;2,15559
3,15206;1,57868
1,14947;1,57868
16,9013;0,951827
13,8439;0,951827
17,7272;0,992487
13,7523;0,992487
6,04937;0,751214
2,166;0,751214
18,6213;0,778083
23,9556;0,778083
38,5033;0,568895
43,8244;0,568895
4,10408;1,23162
4,6986;1,23162
26,3373;1,55759
25,248;1,55759
29,9155;1,43872
25,2938;1,43872
16,236;2,01363
14,1169;2,01363
5,98501;1,65256
3,82602;1,65256
5,42994;2,38843
5,52147;2,38843
25,745;1,65091
25,0007;1,65091
26,0252;1,61362
27,2994;1,61362
16,5501;1,78696
17,2747;1,78696
24,9268;1,54851
25,6698;1,54851
3,56224;0,813251
1,14738;0,813251
4,38466;0,710518
8,11366;0,710518
14,1017;0,83486
12,2002;0,83486
134,43;0,288714
133,578;0,288714
0,999894;2,30597
1,99593;2,30597
1,01492;2,30384
1,02087;2,30384
29,0572;1,23242
26,0726;1,23242
1,3717;1,41582
4,0778;1,41582
20,007;0,770502
25,3213;0,770502
7,92552;2,28173
8,19778;2,28173
8,20294;2,26443
9,67921;2,26443
3,87375;1,61798
4,12899;1,61798
5,9887;1,68016
3,71006;1,68016
39,8454;0,758472
42,1411;0,758472
12,9403;0,712444
7,62362;0,712444
20,1236;0,814694
14,8862;0,814694
13,8898;1,91949
14,5173;1,91949
13,8196;1,92285
15,6665;1,92285
1,24187;1,35927
0,959079;1,35927
47,9697;0,437007
52,6728;0,437007
15,8593;1,21095
18,9342;1,21095
16,8965;1,5399
13,794;1,5399
20,0928;1,82102
19,6979;1,82102
2,53069;1,57209
0,980655;1,57209
23,164;0,986554
24,6728;0,986554
44,6136;0,57369
50,96;0,57369
6,03166;2,13881
5,18688;2,13881
11,6847;2,05195
12,3417;2,05195
20,8678;0,706652
25,9703;0,706652
6,28954;2,14512
5,52294;2,14512
21,1417;1,76879
20,5377;1,76879
12,9256;1,93957
14,8293;1,93957
16,3208;1,82499
18,2029;1,82499
2,26884;2,37207
2,05222;2,37207
17,368;1,82156
18,0519;1,82156
18,9159;0,691538
22,8483;0,691538
16,9844;0,719277
20,8077;0,719277
10,473;3,79602
8,94998;3,79602
18,0647;0,804056
12,8428;0,804056
29,1749;0,856608
31,451;0,856608
4,40183;2,0444
3,18325;2,0444
33,122;1,21499
30,586;1,21499
33,2747;1,21611
30,7577;1,21611
37,3617;1,19091
32,5423;1,19091
36,9157;1,12326
32,1077;1,12326
32,522;1,1103
30,2352;1,1103
11,4665;2,09677
13,1163;2,09677
12,9866;2,03625
14,5957;2,03625
7,43985;0,871779
11,2319;0,871779
5,32675;1,39956
5,2998;1,39956
36,5998;1,40611
36,228;1,40611
11,7288;3,55716
7,66976;3,55716
21,2573;1,80179
18,8372;1,80179
19,1889;1,82499
18,772;1,82499
20,3003;1,85752
18,367;1,85752
7,76364;1,66718
5,48688;1,66718
7,57597;0,722805
2,24363;0,722805
8,40975;0,72981
3,06826;0,72981
4,48577;1,78947
3,19773;1,78947
14,6546;0,806
17,5943;0,806
12,446;2,03826
13,7996;2,03826
20,7574;1,87221
20,6679;1,87221
53,1279;0,545364
59,4671;0,545364
48,7536;0,563365
55,11;0,563365
24,1814;1,0323
22,3209;1,0323
7,92574;0,961848
5,39331;0,961848
13,172;0,852487
11,3395;0,852487
23,4494;0,916639
27,5987;0,916639
28,6065;1,32589
26,3842;1,32589
4,03436;2,49206
2,71241;2,49206
28,7648;1,37231
27,021;1,37231
24,6083;1,56047
20,8418;1,56047
27,9545;1,03892
25,335;1,03892
31,5542;1,14021
29,1601;1,14021
26,706;1,53544
25,5204;1,53544
30,8721;1,31522
26,7067;1,31522
29,4719;1,32308
27,4128;1,32308
28,862;1,05202
22,9941;1,05202
27,8376;1,46139
26,2646;1,46139
31,3661;1,17103
28,5204;1,17103
17,4437;1,85688
16,9505;1,85688
18,9181;1,88989
18,6178;1,88989
18,484;1,86204
17,9723;1,86204
10,2928;1,93107
10,2717;1,93107
10,8225;1,92722
10,8065;1,92722
23,7983;1,55331
22,5162;1,55331
24,3665;1,62859
23,2848;1,62859
24,0499;1,42656
22,9811;1,42656
24,2763;1,55469
23,2433;1,55469
16,347;2,05747
14,7497;2,05747
23,419;1,76403
22,7869;1,76403
13,2456;1,56973
10,5826;1,56973
12,0463;1,67713
9,61297;1,67713
2,78302;2,07264
2,12622;2,07264
3,46954;2,02623
2,4315;2,02623
21,3056;0,745461
24,3595;0,745461
5,79189;1,01876
3,74526;1,01876
14,6988;0,914288
16,8524;0,914288
25,477;0,873573
29,7218;0,873573
24,6408;0,937952
26,6292;0,937952
25,7367;0,931252
27,5789;0,931252
12,1109;0,723887
17,2708;0,723887
53,2523;0,437902
57,6745;0,437902
40,3784;0,488589
45,8553;0,488589
4,48357;2,05852
3,4082;2,05852
37,3247;1,22828
34,4911;1,22828
34,4898;1,12848
31,5981;1,12848
32,0547;0,964692
27,1156;0,964692
17,6871;1,17303
11,7166;1,17303
13,9821;1,95044
15,9091;1,95044
3,48403;1,47724
3,16883;1,47724
17,1202;1,80016
17,9431;1,80016
15,5387;1,84949
17,5217;1,84949
20,4861;1,67058
21,3681;1,67058
18,3782;1,73178
20,6259;1,73178
16,0084;1,80472
16,9821;1,80472
15,523;1,82016
16,2734;1,82016
8,49413;2,26088
8,72419;2,26088
2,78224;1,60876
1,41541;1,60876
5,32013;1,54763
2,50887;1,54763
1,62879;1,49397
1,54317;1,49397
4,91537;1,59115
4,75758;1,59115
8,94628;0,73302
4,14012;0,73302
8,23257;0,726316
3,34821;0,726316
1,73874;1,50558
3,63004;1,50558
10,9993;1,77354
8,68519;1,77354
9,88278;2,18839
10,3328;2,18839
8,41625;2,20265
10,1915;2,20265
12,3154;2,07434
12,7295;2,07434
8,86585;2,23887
9,30878;2,23887
14,0638;1,91019
16,1529;1,91019
15,1138;1,86246
15,7269;1,86246
15,0967;1,91724
16,8969;1,91724
16,416;1,87179
17,0961;1,87179
11,7002;0,808425
6,8142;0,808425
6,24214;0,795001
1,67164;0,795001
6,66837;0,785343
1,98584;0,785343
19,9416;1,25507
13,5248;1,25507
19,4098;1,25054
14,2352;1,25054
35,379;1,0023
30,7242;1,0023
37,4216;1,05573
30,6736;1,05573
5,52966;0,80794
8,72713;0,80794
4,92165;0,807456
10,3142;0,807456
61,4357;0,557429
66,0506;0,557429
71,602;0,518888
77,5607;0,518888
68,6448;0,525632
73,6645;0,525632
64,7364;0,475601
69,9877;0,475601
14,2079;0,697735
18,3358;0,697735
18,7711;0,768468
25,193;0,768468
14,2859;0,821391
19,741;0,821391
30,9299;0,918984
32,5941;0,918984
26,8332;0,949975
28,7307;0,949975
9,31185;1,06881
13,3816;1,06881
27,5732;0,900269
31,5166;0,900269
26,9439;0,907629
28,8253;0,907629
9,05189;1,09932
6,70042;1,09932
2,31387;2,11572
1,91674;2,11572
16,3454;1,83941
16,673;1,83941
13,6453;1,70537
13,7033;1,70537
2,72652;2,3643
4,29299;2,3643
3,95967;2,29516
5,56731;2,29516
7,84154;2,25151
9,15451;2,25151
23,8656;1,74966
21,7921;1,74966
25,3175;1,65126
23,1484;1,65126
25,3502;1,54889
24,3081;1,54889
26,0752;1,54598
25,0199;1,54598
29,8761;1,24364
27,099;1,24364
30,9535;1,28329
25,3547;1,28329
27,2188;1,08354
24,0008;1,08354
27,1208;0,993669
21,3313;0,993669
16,4077;1,79874
18,5917;1,79874
15,7819;0,739664
9,91442;0,739664
16,6842;1,54358
13,5878;1,54358
3,45017;1,58264
1,32416;1,58264
8,70685;2,11239
10,3537;2,11239
14,3013;1,16684
17,3785;1,16684
56,9939;0,563712
61,7607;0,563712
139,128;0,298051
142,87;0,298051
25,1179;1,56348
24,0193;1,56348
25,6312;1,5611
24,5499;1,5611
1,44634;2,3436
2,87255;2,3436
50,6519;1,16802
48,5361;1,16802
12,9776;2,00272
14,6632;2,00272
4,59114;1,72952
5,5286;1,72952
7,62418;1,75212
6,21901;1,75212
6,03295;0,768722
1,32184;0,768722
21,6536;0,832277
16,4206;0,832277
22,3529;0,83486
17,1057;0,83486
28,0376;1,13177
24,3928;1,13177
40,0392;1,16651
37,3793;1,16651
35,1861;1,05573
32,5939;1,05573
17,2091;1,09074
18,5002;1,09074
25,5857;1,68086
22,5607;1,68086
27,2572;1,53276
26,0185;1,53276
15,4731;1,68156
12,3762;1,68156
4,30887;1,89651
4,98836;1,89651
22,3647;0,943361
17,7927;0,943361
38,0836;1,14774
35,8863;1,14774
26,1144;1,62377
23,6202;1,62377
25,2529;1,6187
24,4932;1,6187
32,8878;1,10518
28,993;1,10518
34,1081;1,09754
30,1003;1,09754
33,4443;1,11171
29,6423;1,11171
22,8236;1,6158
21,7602;1,6158
16,223;1,66812
17,5711;1,66812
24,1331;1,46634
26,8006;1,46634
24,0313;1,46554
25,2949;1,46554
10,7649;1,2599
11,144;1,2599
0,979669;1,48068
0,970878;1,48068
4,83028;1,72907
3,35419;1,72907
3,70677;1,69489
2,19898;1,69489
19,3438;1,39844
15,4625;1,39844
23,7664;1,50597
19,7668;1,50597
3,60574;2,02013
2,48707;2,02013
16,6209;0,697735
20,6252;0,697735
20,5473;1,51181
21,9901;1,51181
2,66608;0,730346
2,52599;0,730346
13,9728;1,99743
11,8186;1,99743
6,78831;2,34143
8,23087;2,34143
18,9208;1,60474
21,5657;1,60474
16,2321;1,84462
16,9993;1,84462
15,1335;0,748081
9,5073;0,748081
3,3358;0,674056
4,24532;0,674056
10,2648;0,926829
5,97436;0,926829
22,6765;1,00405
19,508;1,00405
10,5967;0,766428
17,1467;0,766428
15,9443;0,860028
18,5354;0,860028
9,33464;0,924927
12,1803;0,924927
26,8529;1,05758
26,1957;1,05758
18,8494;1,7319
19,7542;1,7319
7,69808;2,02941
5,96825;2,02941
20,2907;0,763102
26,7022;0,763102
26,2197;1,60535
25,45;1,60535
19,3643;1,60608
21,9607;1,60608
10,0919;0,801863
13,914;0,801863
27,7687;1,7033
26,3576;1,7033
30,8296;0,830866
34,9347;0,830866
31,0649;0,820915
33,148;0,820915
10,9859;1,96662
11,6459;1,96662
15,9697;0,962052
11,6758;0,962052
28,843;1,75947
27,0517;1,75947
27,1855;0,980586
22,6579;0,980586
21,1379;1,67304
20,5999;1,67304
26,5182;1,54889
25,4182;1,54889
22,5666;1,71771
21,5954;1,71771
23,343;1,74125
22,6804;1,74125
6,33726;1,71006
4,85504;1,71006
7,48643;1,76236
5,811;1,76236
11,2477;0,792782
15,0678;0,792782
9,7606;0,696893
14,1234;0,696893
23,1956;1,39914
17,576;1,39914
19,4035;1,71931
21,5801;1,71931
23,519;1,04885
26,4951;1,04885
4,32454;1,58659
4,21207;1,58659
0,969832;1,48833
2,55296;1,48833
4,19108;1,621
2,10425;1,621
10,4109;1,8251
8,11939;1,8251
7,41608;1,61882
4,89109;1,61882
10,5218;1,71075
7,93999;1,71075
11,2098;2,06763
11,8896;2,06763
9,79524;2,129
11,7463;2,129
12,7753;2,00301
13,5025;2,00301
5,40526;2,29644
5,69568;2,29644
1,12043;1,33911
0,944722;1,33911
13,1279;2,02091
14,7566;2,02091
10,5977;0,739928
5,69522;0,739928
19,2694;0,833217
14,2121;0,833217
22,3065;0,710794
25,5393;0,710794
21,3622;0,723617
24,5566;0,723617
4,94104;1,73945
3,34574;1,73945
23,7331;1,68737
22,824;1,68737
112,3;0,314658
117,294;0,314658
52,2021;0,524887
57,3562;0,524887
1,01699;1,42244
3,45029;1,42244
22,8836;1,10818
19,068;1,10818
24,2608;1,64592
23,0371;1,64592
25,1832;1,64092
22,0861;1,64092
9,78979;0,754333
4,002;0,754333
23,9604;1,68191
23,0216;1,68191
4,28851;0,731684
8,6462;0,731684
12,8047;0,624323
17,2317;0,624323
24,796;1,62883
22,3552;1,62883
33,0888;1,08715
28,941;1,08715
32,2334;1,00775
27,992;1,00775
17,8134;1,80179
19,6895;1,80179
23,1332;1,28907
16,7592;1,28907
25,5156;1,60511
24,2689;1,60511
23,6833;1,56636
22,5901;1,56636
26,0734;1,751
23,9836;1,751
25,334;1,55457
24,335;1,55457
23,9653;1,7168
22,939;1,7168
4,13018;1,23733
4,70367;1,23733
24,3973;1,64996
23,5164;1,64996
22,4;1,58782
21,36;1,58782
24,8984;1,67222
22,3812;1,67222
23,428;1,71395
22,5839;1,71395
23,3333;1,66929
22,548;1,66929
18,896;0,740193
21,345;0,740193
2,16083;1,47047
1,724;1,47047
1,17365;1,4824
3,14849;1,4824
3,1083;1,5814
1,14329;1,5814
35,0162;0,783097
37,6219;0,783097
16,1244;0,846729
19,0995;0,846729
23,6959;0,751995
26,5846;0,751995
21,5857;0,797213
24,6362;0,797213
19,4167;0,840699
22,3296;0,840699
29,1109;0,729273
31,9464;0,729273
7,92767;2,27477
9,41788;2,27477
5,21083;2,36331
6,82251;2,36331
2,08021;0,711069
2,77415;0,711069
4,03868;0,729542
0,887105;0,729542
26,3781;1,66859
25,4249;1,66859
26,0546;1,66953
25,1277;1,66953
24,8502;1,66401
24,0375;1,66401
23,9297;1,6593
23,1896;1,6593
25,8769;1,74641
23,3149;1,74641
23,3496;1,63662
22,5379;1,63662
24,274;0,958588
26,0839;0,958588
24,5315;0,950387
26,3624;0,950387
5,17184;0,699416
2,03787;0,699416
26,1178;1,35248
25,3417;1,35248
22,8318;1,48068
18,4828;1,48068
38,4807;1,14466
36,7408;1,14466
24,0398;0,897875
22,0506;0,897875
34,0061;1,01933
31,6733;1,01933
28,2372;1,59311
27,3565;1,59311
26,8678;1,55494
25,7595;1,55494
22,1171;1,87106
21,9909;1,87106
30,6349;1,32382
26,338;1,32382
29,7348;1,44942
28,002;1,44942
26,5669;1,32574
24,5061;1,32574
34,6506;1,0178
30,4905;1,0178
35,5339;1,11347
31,7621;1,11347
23,6894;1,00949
20,573;1,00949
32,6292;1,3176
30,4378;1,3176
17,4755;2,02941
15,492;2,02941
9,37972;1,9069
9,46485;1,9069
12,2725;2,0609
10,4534;2,0609
23,8533;1,62353
22,7473;1,62353
23,1943;1,70903
19,9233;1,70903
15,241;2,14311
14,355;2,14311
22,4836;1,74451
22,0446;1,74451
20,9498;1,95555
20,9844;1,95555
21,475;1,92732
21,4905;1,92732
26,6211;1,64758
23,2897;1,64758
20,9558;1,81132
20,1912;1,81132
20,6828;1,75413
19,7143;1,75413
20,9301;1,72737
20,074;1,72737
4,66058;1,87336
3,59213;1,87336
1,49009;2,25307
1,54676;2,25307
17,6984;1,84005
17,5944;1,84005
6,11661;1,77443
4,58385;1,77443
23,7876;1,50428
19,785;1,50428
12,3396;1,58942
12,5364;1,58942
18,1965;1,54965
14,9019;1,54965
6,65948;1,78531
4,94541;1,78531
7,84287;2,13982
6,84016;2,13982
10,9589;1,6769
8,84432;1,6769
1,19387;1,55671
1,70444;1,55671
9,5196;1,62726
10,2211;1,62726
15,5033;1,36401
12,1757;1,36401
4,06585;2,27047
2,30833;2,27047
3,20215;2,39228
1,80174;2,39228
1,41854;2,36463
1,56857;2,36463
10,4494;2,19455
9,06661;2,19455
8,29947;2,14128
7,22547;2,14128
15,8139;1,67082
15,9893;1,67082
8,29911;2,04737
6,46504;2,04737
9,63608;2,19125
7,98203;2,19125
2,4699;2,00428
1,7748;2,00428
6,54324;2,15177
5,40645;2,15177
4,30394;2,10078
3,29132;2,10078
4,83666;2,13295
3,80471;2,13295
31,3604;0,688702
36,4176;0,688702
12,8688;1,16684
14,0703;1,16684
19,5587;1,08462
20,9039;1,08462
22,5121;1,06496
25,8371;1,06496
24,6621;0,930411
26,6876;0,930411
20,4081;0,976186
22,3768;0,976186
23,3803;0,98576
25,1244;0,98576
16,7388;0,756405
22,1005;0,756405
4,7855;0,842327
10,6821;0,842327
9,96587;0,882931
15,4142;0,882931
71,7326;0,466042
76,9835;0,466042
68,9174;0,443232
75,1958;0,443232
31,1044;0,65132
37,4651;0,65132
62,9373;0,556375
67,4932;0,556375
85,2555;0,480105
89,7217;0,480105
69,3343;0,540679
73,9853;0,540679
87,1965;0,501241
90,6197;0,501241
93,2781;0,421509
98,2409;0,421509
14,7654;0,950387
10,9898;0,950387
23,1578;1,30506
19,0722;1,30506
41,2965;1,21257
38,7593;1,21257
53,705;1,28146
51,4583;1,28146
0,747455;0,812529
4,49301;0,812529
2,96883;0,784345
1,76081;0,784345
8,36752;0,922809
4,5856;0,922809
33,4542;1,11188
30,5706;1,11188
37,0856;1,18234
32,1224;1,18234
25,9086;0,806728
20,3565;0,806728
16,762;1,22301
11,5349;1,22301
17,4589;0,796967
12,3125;0,796967
14,7607;0,93398
10,3272;0,93398
7,35988;0,770248
2,93143;0,770248
19,831;0,776573
14,185;0,776573
15,1178;0,754333
9,60466;0,754333
13,0594;2,01771
14,7778;2,01771
13,4618;1,9938
14,1069;1,9938
13,6311;2,01178
15,3713;2,01178
11,6568;2,07717
13,2551;2,07717
13,7179;1,88388
14,4016;1,88388
12,8707;1,97298
14,6296;1,97298
15,0411;1,88055
16,9319;1,88055
15,8783;1,84949
16,7866;1,84949
11,7012;1,20885
12,6154;1,20885
14,8458;1,25258
15,6604;1,25258
23,8033;1,4638
26,5067;1,4638
19,0203;1,60523
21,6539;1,60523
6,93607;2,23598
7,44299;2,23598
3,89094;2,38376
5,50895;2,38376
10,1721;2,18265
11,6191;2,18265
10,1731;2,16066
11,7823;2,16066
4,73916;1,66613
2,77896;1,66613
23,3408;1,27932
23,1177;1,27932
4,70553;1,27303
8,13809;1,27303
19,487;1,66095
21,6884;1,66095
1,05901;1,49829
1,06575;1,49829
10,3747;2,1058
11,1468;2,1058
6,115;1,61143
3,6365;1,61143
7,86209;1,66718
5,42092;1,66718
30,5772;1,28907
30,6083;1,28907
11,119;1,33867
11,7855;1,33867
12,8734;1,35075
15,3028;1,35075
3,54658;1,47578
1,06567;1,47578
14,8871;1,9109
15,7668;1,9109
2,69526;1,47989
0,954592;1,47989
3,16906;1,43258
3,59558;1,43258
12,036;2,01916
13,7899;2,01916
12,8444;2,04162
14,4528;2,04162
21,1163;0,778586
15,7556;0,778586
32,5194;1,4787
26,8523;1,4787
25,5717;1,04586
23,2229;1,04586
1,70772;0,844183
1,23578;0,844183
6,12841;0,808667
9,30616;0,808667
3,69797;0,73781
6,14001;0,73781
5,95156;0,924504
3,28142;0,924504
34,5312;0,915998
32,5546;0,915998
61,9609;1,11047
60,3235;1,11047
43,1731;0,584838
46,9645;0,584838
27,3621;0,712169
32,7425;0,712169
18,005;0,778335
24,5237;0,778335
5,00802;1,07593
1,78068;1,07593
3,23727;1,00775
2,31991;1,00775
9,0788;1,08137
13,1224;1,08137
22,0564;0,864567
24,5347;0,864567
9,00433;0,819005
12,4591;0,819005
13,7546;0,8946
16,0186;0,8946
19,6897;1,6477
16,9341;1,6477
8,62138;2,15903
7,54468;2,15903
2,71752;2,31342
1,23406;2,31342
1,40199;2,40355
1,00687;2,40355
2,05619;2,3976
1,13103;2,3976
1,30872;2,17304
1,42665;2,17304
13,4295;1,96493
11,8644;1,96493
65,8019;1,09611
65,4803;1,09611
12,541;1,75312
10,1642;1,75312
8,71826;1,67678
6,4718;1,67678
16,2477;1,55318
13,1635;1,55318
4,02542;1,77476
2,86327;1,77476
2,24356;2,29021
3,87032;2,29021
17,8222;2,01965
17,9985;2,01965
20,6954;1,97635
19,7058;1,97635
17,063;2,10394
16,1589;2,10394
21,5501;1,61689
21,036;1,61689
20,7611;1,71224
17,7658;1,71224
26,5332;1,56298
22,6952;1,56298
25,0468;1,53008
23,8975;1,53008
24,0588;1,5311
22,9463;1,5311
11,0037;2,10617
9,31046;2,10617
17,4822;1,81585
17,0927;1,81585
28,9666;1,09182
26,0623;1,09182
28,5102;1,49043
27,459;1,49043
31,3261;1,39381
30,0368;1,39381
27,7996;1,18993
26,0845;1,18993
22,6085;1,03363
20,7473;1,03363
1,04948;1,20236
4,84139;1,20236
1,38433;1,42889
2,4135;1,42889
