3,90973;1,9107
3,83364;1,9107
39,8054;4,19152
41,197;4,19152
30,6362;1,08661
31,7747;1,08661
26,7977;2,96108
27,4573;2,96108
26,2785;2,88799
26,9403;2,88799
22,228;1,29875
21,0929;1,29875
19,1115;1,46767
17,7;1,46767
57,0776;4,31924
55,1018;4,31924
2,93725;1,05758
1,32304;1,05758
4,38864;1,07447
2,73051;1,07447
7,09481;1,93492
6,8698;1,93492
8,23916;1,60498
7,7337;1,60498
5,68421;3,33331
6,29618;3,33331
48,4613;0,642853
47,6002;0,642853
47,0115;0,649817
46,1441;0,649817
56,9524;4,33874
58,6895;4,33874
57,5406;4,59917
56,4738;4,59917
69,9961;2,82965
71,1241;2,82965
33,1917;4,07597
34,5313;4,07597
3,0872;2,03298
3,51988;2,03298
46,5196;0,885586
46,956;0,885586
2,18301;1,99204
2,53605;1,99204
3,06027;1,93229
1,27564;1,93229
4,65501;1,71018
5,8032;1,71018
3,74488;1,73596
4,83954;1,73596
91,863;1,04361
93,3604;1,04361
5,76657;1,57768
5,25998;1,57768
5,23719;0,997992
3,78907;0,997992
2,22064;1,0598
0,642208;1,0598
30,8485;0,748866
29,9895;0,748866
48,8528;0,640108
47,9889;0,640108
10,3;1,63159
10,5669;1,63159
8,14932;1,69212
8,34717;1,69212
10,1099;1,63315
10,4004;1,63315
12,2376;1,5238
11,081;1,5238
16,7888;1,4143
17,1235;1,4143
65,0426;0,526004
64,0694;0,526004
25,1552;2,85252
25,7441;2,85252
25,3294;2,86198
25,9506;2,86198
91,8207;2,53296
93,7112;2,53296
3,4936;3,59461
8,67481;3,59461
58,2213;3,6179
58,6904;3,6179
24,7912;0,96874
26,0677;0,96874
19,4662;2,39089
19,2758;2,39089
43,4156;0,600357
45,4564;0,600357
20,2415;1,33031
20,7069;1,33031
3,63443;2,06886
4,00557;2,06886
19,105;1,341
19,6776;1,341
59,812;3,84609
61,5067;3,84609
1,34708;1,92224
1,34469;1,92224
66,9346;0,750171
69,7192;0,750171
8,55939;2,70052
9,40067;2,70052
17,5395;2,36331
17,8385;2,36331
8,37419;1,88388
6,64359;1,88388
10,4225;1,75178
10,4252;1,75178
6,75076;1,81402
6,81739;1,81402
28,2942;1,08625
26,3785;1,08625
16,2684;2,75669
15,4334;2,75669
7,28179;2,72426
8,19871;2,72426
23,9779;2,86245
24,68;2,86245
22,292;2,92342
23,1565;2,92342
5,40308;2,69377
6,2125;2,69377
11,5754;2,42527
9,76639;2,42527
28,6101;1,73054
28,3289;1,73054
13,9514;1,45508
14,4176;1,45508
6,64329;2,14411
5,15556;2,14411
28,8036;3,18985
29,5268;3,18985
6,86838;2,15885
5,23482;2,15885
75,597;0,473126
74,5677;0,473126
70,0193;0,486583
68,9676;0,486583
57,3994;4,54864
56,1365;4,54864
5,0694;1,74428
4,50925;1,74428
11,7218;2,67166
12,4071;2,67166
10,2913;2,70414
11,1159;2,70414
88,471;0,606518
89,0222;0,606518
55,7419;0,802107
56,2166;0,802107
57,1557;4,46537
57,8053;4,46537
54,1314;4,47733
57,6358;4,47733
7,54079;1,77443
7,57189;1,77443
12,4447;2,30044
12,785;2,30044
41,1023;2,15268
43,2987;2,15268
41,4152;2,16048
43,6339;2,16048
1,45062;1,93977
1,69715;1,93977
8,61722;1,92
8,49564;1,92
4,61619;3,09237
5,82802;3,09237
6,87701;2,13148
5,81446;2,13148
5,10511;2,04018
4,09088;2,04018
2,19113;1,87659
2,18911;1,87659
9,18946;1,57806
10,419;1,57806
21,5722;2,53505
21,315;2,53505
38,4974;1,12587
39,3283;1,12587
34,5227;1,17387
35,3205;1,17387
0,67935;1,99204
0,708789;1,99204
0,67661;1,9436
0,650854;1,9436
1,20477;1,9261
1,18885;1,9261
0,915591;2,02932
0,769923;2,02932
7,34086;2,17745
5,87911;2,17745
26,6581;0,607807
25,7203;0,607807
72,2448;3,21059
73,3077;3,21059
72,3634;3,22489
73,4681;3,22489
8,39197;1,75658
8,49689;1,75658
55,2524;0,806486
55,7289;0,806486
5,56168;3,32555
6,25066;3,32555
5,75628;3,35071
6,50178;3,35071
11,5107;1,5184
10,9741;1,5184
15,7476;1,405
16,4184;1,405
23,5177;1,2718
22,3314;1,2718
4,6926;1,75647
4,12452;1,75647
1,90275;2,3516
1,18276;2,3516
2,74473;1,67865
2,39386;1,67865
12,2561;1,52033
11,0986;1,52033
2,56741;2,00896
2,95781;2,00896
7,55111;2,14101
7,84349;2,14101
22,853;2,72412
23,4247;2,72412
23,5097;2,79918
24,1689;2,79918
79,4147;3,36482
77,9843;3,36482
7,24626;2,12983
5,82122;2,12983
20,4372;2,48317
18,7874;2,48317
15,4132;2,67328
16,2037;2,67328
4,38722;2,51201
5,11798;2,51201
6,9865;2,58096
6,20511;2,58096
3,69634;1,99802
3,5055;1,99802
5,25874;2,00399
3,44326;2,00399
5,96447;2,85108
5,477;2,85108
27,5855;2,9198
28,4293;2,9198
57,396;4,468
57,1617;4,468
3,89191;2,07698
4,24144;2,07698
57,6;1,64318
55,1517;1,64318
12,7104;1,46834
13,5234;1,46834
56,9881;4,28743
54,9969;4,28743
25,5857;1,25211
26,1348;1,25211
1,94519;1,8266
1,81031;1,8266
58,1387;3,53003
58,16;3,53003
32,9103;3,85011
34,546;3,85011
9,77231;2,80163
10,7043;2,80163
7,30943;2,60452
8,08173;2,60452
17,6149;2,50124
18,0706;2,50124
22,2542;2,93171
23,1217;2,93171
79,1707;3,35211
77,5609;3,35211
25,6451;1,21273
25,1236;1,21273
39,2743;1,84864
39,1247;1,84864
41,3717;2,15341
40,9182;2,15341
23,1754;1,28054
23,6417;1,28054
2,40819;1,99469
2,90873;1,99469
64,0039;1,86288
66,0543;1,86288
63,7854;3,91637
62,4298;3,91637
56,9673;4,24888
54,812;4,24888
7,04389;1,56348
7,20874;1,56348
59,9654;4,14685
61,0583;4,14685
16,6166;1,53672
16,9062;1,53672
14,3333;1,59667
14,6318;1,59667
7,97149;2,21355
6,37707;2,21355
1,64801;1,99665
1,47433;1,99665
1,21303;2,11868
1,44366;2,11868
6,63128;2,67218
7,48786;2,67218
7,37839;2,16338
6,19202;2,16338
6,58865;1,71018
6,79629;1,71018
20,8779;1,68934
20,313;1,68934
10,0072;1,70203
10,1006;1,70203
2,53132;1,96633
2,43592;1,96633
26,8967;2,96385
27,505;2,96385
80,7663;0,504354
83,1694;0,504354
19,5651;1,41014
20,0533;1,41014
13,6602;1,54611
14,0286;1,54611
72,1995;0,930622
73,3458;0,930622
39,3027;1,06514
38,2708;1,06514
19,7575;1,32604
18,8322;1,32604
19,6175;1,39718
18,2267;1,39718
2,3705;1,80168
2,1066;1,80168
82,9582;3,25426
84,525;3,25426
82,9961;3,048
84,8796;3,048
59,9985;4,16217
61,1325;4,16217
23,8106;2,75435
24,3986;2,75435
18,6321;2,78923
17,6975;2,78923
82,1478;2,46299
80,1975;2,46299
65,9319;2,15631
64,4616;2,15631
29,2426;3,22889
30,0125;3,22889
20,2648;2,51653
22,508;2,51653
2,01762;1,87221
2,05729;1,87221
2,33483;1,97586
3,81991;1,97586
4,90011;1,78103
4,72817;1,78103
5,09348;2,66609
4,33526;2,66609
3,30678;2,23502
3,66302;2,23502
1,12097;2,39923
0,275302;2,39923
