29,4842;1,72964
30,2133;1,72964
31,3461;1,77718
30,9341;1,77718
12,2174;3,19684
11,9601;3,19684
5,22388;0,784345
4,94934;0,784345
33,4976;1,60791
32,8871;1,60791
3,55577;0,720908
3,31932;0,720908
2,21791;0,726046
1,89498;0,726046
7,10522;2,58952
6,82888;2,58952
7,76095;2,65351
7,50258;2,65351
4,71795;2,20025
3,956;2,20025
5,34507;2,26365
4,99163;2,26365
34,724;1,63327
36,9486;1,63327
34,6607;1,63159
36,925;1,63159
4,30411;0,98992
3,98922;0,98992
6,97744;2,58868
6,67222;2,58868
32,3405;1,73911
33,3403;1,73911
36,4482;2,54914
35,5237;2,54914
74,6243;2,47449
73,6176;2,47449
11,3573;3,11935
10,9458;3,11935
14,6915;3,16632
13,9445;3,16632
26,9481;2,52189
28,1515;2,52189
26,5903;2,48648
27,904;2,48648
2,54531;0,889555
2,63811;0,889555
2,63586;0,895693
2,48913;0,895693
27,9629;2,67803
27,0927;2,67803
28,033;2,75122
27,2622;2,75122
18,3154;3,24715
18,0784;3,24715
4,87453;0,942531
6,22077;0,942531
28,1438;2,85204
27,544;2,85204
28,1288;2,84929
27,5643;2,84929
12,9835;2,98426
12,1598;2,98426
12,487;2,98282
12,1625;2,98282
26,4484;2,36223
25,6143;2,36223
6,10897;1,05165
6,01915;1,05165
14,7831;0,981184
14,8794;0,981184
12,423;3,07473
10,595;3,07473
12,5359;3,12412
10,7628;3,12412
1,25912;1,22269
3,0612;1,22269
33,6169;1,9882
33,0092;1,9882
12,6368;2,52445
12,4746;2,52445
9,84551;2,46649
7,97104;2,46649
28,6026;3,11257
26,8125;3,11257
28,643;3,12073
26,5616;3,12073
12,8277;2,89158
12,4976;2,89158
10,8694;2,67701
8,83348;2,67701
30,2789;2,96603
29,3981;2,96603
27,4433;2,93552
27,0742;2,93552
12,1234;3,08794
11,9631;3,08794
30,0615;3,05736
29,7316;3,05736
28,2572;2,98531
28,3102;2,98531
18,2054;2,86929
17,6647;2,86929
27,0512;2,48625
27,7346;2,48625
15,1137;2,94071
15,3815;2,94071
16,0523;2,99742
15,628;2,99742
10,5761;3,06459
10,2759;3,06459
39,5033;3,02077
39,1834;3,02077
7,72463;1,72488
6,80009;1,72488
28,6837;3,07294
28,7452;3,07294
8,61574;2,63545
7,96656;2,63545
8,26587;2,53312
7,9853;2,53312
8,15431;2,57831
7,65027;2,57831
4,90417;2,55895
4,53992;2,55895
25,3532;1,47432
26,0615;1,47432
28,0309;1,71075
28,669;1,71075
12,8461;3,2419
12,6245;3,2419
12,1718;3,20051
11,9486;3,20051
14,5646;3,13413
12,6979;3,13413
13,3185;3,133
13,1071;3,133
14,0472;3,2942
14,07;3,2942
12,4435;3,29295
12,4386;3,29295
32,3145;1,5087
33,083;1,5087
8,56185;1,65173
9,49143;1,65173
4,61896;1,01298
5,21671;1,01298
4,64132;1,00522
5,24223;1,00522
28,3158;1,36286
25,4575;1,36286
21,6698;0,90244
14,2538;0,90244
5,92369;1,10606
6,4012;1,10606
6,0797;1,05406
6,55401;1,05406
28,3213;1,35941
25,4345;1,35941
9,04436;0,66676
7,903;0,66676
12,7701;0,779842
9,6853;0,779842
0,950267;1,49567
2,01382;1,49567
1,15518;1,47618
2,10845;1,47618
0,186932;1,55142
0,220409;1,55142
5,01546;0,827089
5,52974;0,827089
7,41074;1,34028
7,84447;1,34028
20,5122;1,15555
15,8615;1,15555
33,3498;1,46847
32,3309;1,46847
33,412;1,57669
32,4207;1,57669
11,2562;3,01337
10,0363;3,01337
8,39356;2,50108
8,20599;2,50108
7,05956;2,39425
6,8302;2,39425
5,49256;2,44465
5,55563;2,44465
33,5053;2,12909
32,4088;2,12909
7,01656;2,52724
6,91763;2,52724
8,39444;2,64308
8,45041;2,64308
6,16814;2,45208
6,32657;2,45208
6,09345;2,45392
6,24932;2,45392
33,8759;2,55083
33,1943;2,55083
11,7346;3,08597
12,266;3,08597
11,2859;3,03886
11,7638;3,03886
1,00635;1,49476
1,95844;1,49476
3,93112;2,09975
2,6474;2,09975
3,92243;2,10441
2,63309;2,10441
0,324799;1,61325
0,780787;1,61325
5,24019;2,50507
6,4357;2,50507
12,4685;2,83849
11,1705;2,83849
10,0183;3,13625
9,00095;3,13625
10,3528;3,16867
10,7808;3,16867
32,5275;1,74395
31,9474;1,74395
32,0709;1,55243
31,407;1,55243
12,4076;2,838
11,1102;2,838
7,81417;2,46299
7,59942;2,46299
2,72535;2,09331
2,63501;2,09331
3,32459;2,14402
3,22724;2,14402
4,74911;0,97096
5,36506;0,97096
9,90413;3,14323
10,3857;3,14323
9,89548;3,14404
10,3907;3,14404
4,05374;0,716005
4,7055;0,716005
34,6091;1,34173
33,1984;1,34173
34,6835;1,49253
33,3501;1,49253
0,303818;1,59863
1,28918;1,59863
26,5498;2,37512
25,6935;2,37512
4,67822;2,46053
4,4725;2,46053
6,98798;1,22972
7,44275;1,22972
12,5501;3,14828
11,5332;3,14828
11,4217;3,18395
11,9489;3,18395
12,9715;3,18641
11,957;3,18641
9,0882;1,58091
9,43306;1,58091
9,05554;1,59643
9,40053;1,59643
8,83401;1,61253
9,1805;1,61253
9,25386;2,94829
9,41876;2,94829
9,24553;2,95181
9,42547;2,95181
33,1339;1,73246
32,6121;1,73246
33,1125;1,73573
32,6008;1,73573
13,6648;3,08426
14,1854;3,08426
11,818;3,20479
12,366;3,20479
7,5395;2,65645
7,84547;2,65645
3,68417;1,07465
4,46098;1,07465
4,04597;0,958383
4,82603;0,958383
9,91334;3,2716
10,6049;3,2716
0,546499;1,58856
1,01696;1,58856
4,12343;0,820438
5,0441;0,820438
2,28086;1,25554
3,21718;1,25554
26,8687;2,43775
27,5114;2,43775
7,24175;2,63982
7,43569;2,63982
28,028;1,27149
25,7222;1,27149
36,1277;1,61301
35,251;1,61301
22,1954;1,2348
17,3448;1,2348
6,70037;2,72671
6,6521;2,72671
7,67612;2,81195
7,69822;2,81195
8,23574;2,53142
8,40558;2,53142
1,7525;1,43504
2,14286;1,43504
5,40432;0,985959
6,3299;0,985959
25,678;2,24942
24,5267;2,24942
25,72;2,25299
24,609;2,25299
7,83362;2,58997
7,89443;2,58997
5,25427;2,2542
6,27932;2,2542
31,8898;2,02449
30,4797;2,02449
7,6188;2,57997
7,55679;2,57997
32,4678;1,80764
32,0547;1,80764
10,9688;3,3458
11,7366;3,3458
16,4482;3,06905
16,7808;3,06905
28,1343;3,12362
28,4037;3,12362
9,31717;2,99526
9,71824;2,99526
27,7298;2,75712
27,3517;2,75712
5,84115;1,10977
6,31531;1,10977
5,87792;1,04305
6,34913;1,04305
8,84759;1,54129
9,23314;1,54129
4,57599;0,795739
5,50874;0,795739
4,72439;0,798194
5,26636;0,798194
7,88511;0,63025
6,30258;0,63025
7,77795;0,702486
6,82428;0,702486
1,84037;1,35797
2,28019;1,35797
1,51623;1,38649
2,5288;1,38649
2,13767;1,36027
2,52819;1,36027
0,379745;1,61858
1,36132;1,61858
0,231253;1,71224
0,178764;1,71224
0,617714;1,65268
0,424934;1,65268
0,077869;1,55079
1,09483;1,55079
9,43985;1,64616
9,76723;1,64616
8,71301;1,66036
9,65592;1,66036
6,15766;1,12587
6,61089;1,12587
7,47146;1,36602
7,9228;1,36602
6,99068;1,1542
7,45862;1,1542
26,948;1,27993
25,2162;1,27993
28,2326;1,6359
27,0656;1,6359
9,30423;2,99264
9,67468;2,99264
18,2717;3,12293
17,1998;3,12293
16,7753;3,10526
17,2282;3,10526
3,18159;2,09518
3,14092;2,09518
8,941;2,8187
9,29059;2,8187
7,5422;1,32898
8,002;1,32898
7,28049;1,33222
7,73181;1,33222
7,26533;2,517
7,27199;2,517
6,75382;2,58997
6,96;2,58997
7,53775;2,4424
7,24372;2,4424
6,20156;2,33339
5,87712;2,33339
27,6603;3,07549
28,1104;3,07549
27,9973;3,10198
28,6398;3,10198
36,0005;2,50765
35,4558;2,50765
8,48804;2,64789
8,58359;2,64789
25,3512;1,4571
25,0004;1,4571
12,203;3,25372
12,7898;3,25372
27,2274;2,995
27,2674;2,995
21,6448;0,90374
14,3602;0,90374
37,2407;1,41472
36,1761;1,41472
28,3561;1,35205
27,1323;1,35205
0,399753;1,43681
0,851558;1,43681
9,45029;1,7818
10,3308;1,7818
11,0167;3,14448
11,516;3,14448
5,42178;2,44641
5,47898;2,44641
34,4439;2,31714
33,9907;2,31714
4,89325;0,797703
5,41189;0,797703
4,77326;0,962662
5,39281;0,962662
34,7678;1,60681
33,408;1,60681
0,780315;1,5247
0,361941;1,5247
11,7233;3,08502
10,6891;3,08502
32,5134;1,69362
31,8776;1,69362
32,2182;1,60961
31,6528;1,60961
9,94212;3,13469
10,3735;3,13469
6,76513;2,51116
6,52507;2,51116
6,993;1,24238
7,44647;1,24238
9,1617;1,57097
9,50047;1,57097
1,60187;1,43872
1,98859;1,43872
0,0197006;1,71771
0,391419;1,71771
10,4187;3,18954
10,9648;3,18954
33,6997;1,75591
32,9631;1,75591
34,0504;1,89558
33,4436;1,89558
33,1035;1,69939
32,6383;1,69939
5,19941;2,50155
6,38205;2,50155
5,25447;0,927884
5,76727;0,927884
5,15134;2,16202
5,05576;2,16202
39,8385;1,79961
38,5104;1,79961
0,123108;1,63327
1,16388;1,63327
11,7052;3,07638
12,2254;3,07638
33,3931;2,05919
32,8964;2,05919
35,971;1,70617
34,9521;1,70617
26,9691;2,15186
25,5908;2,15186
25,7369;2,24742
26,3263;2,24742
26,4496;2,36455
25,6458;2,36455
28,1602;2,32827
26,8097;2,32827
23,2763;2,23178
24,281;2,23178
6,7822;2,51474
6,61741;2,51474
6,84148;2,51871
6,63721;2,51871
8,48579;2,63923
8,57028;2,63923
7,35466;2,64922
7,59199;2,64922
8,45996;2,52026
6,7992;2,52026
5,0322;2,36439
5,05749;2,36439
3,40406;2,17331
3,36474;2,17331
19,1196;1,61156
19,6422;1,61156
4,17023;2,0815
2,99894;2,0815
4,93598;2,3794
4,93703;2,3794
33,1966;2,2476
31,9771;2,2476
32,7492;2,28259
32,809;2,28259
31,8196;2,15577
30,6127;2,15577
31,7752;2,16184
30,6154;2,16184
32,4542;1,95044
31,0058;1,95044
32,4424;2,02246
32,1692;2,02246
32,1426;1,56973
31,4723;1,56973
28,0859;1,7176
27,7146;1,7176
31,6556;1,88222
31,2333;1,88222
30,5497;1,90146
30,2993;1,90146
32,335;1,9333
31,9839;1,9333
33,2587;1,72805
31,581;1,72805
16,9682;3,16125
17,5447;3,16125
17,2973;3,1928
17,8694;3,1928
11,3416;3,27249
12,0074;3,27249
11,9846;3,34509
12,755;3,34509
12,5918;3,2805
13,2043;3,2805
9,95072;3,25937
10,6159;3,25937
15,4393;3,11238
14,2285;3,11238
12,8151;3,27823
13,4802;3,27823
13,1658;3,30618
13,8579;3,30618
16,0116;3,02362
16,3149;3,02362
11,7746;3,09579
10,7611;3,09579
10,034;3,13332
9,02041;3,13332
11,197;3,02589
11,7264;3,02589
27,22;2,97848
27,3512;2,97848
19,2711;3,29117
20,0864;3,29117
33,8054;2,61479
33,1391;2,61479
33,5193;2,49261
32,72;2,49261
27,0598;2,93898
27,0943;2,93898
27,6991;2,66814
27,2125;2,66814
27,8488;2,64826
27,3443;2,64826
38,34;1,41651
37,9457;1,41651
33,5673;1,99773
32,6321;1,99773
6,30664;1,20024
7,25549;1,20024
7,11518;1,25133
7,57094;1,25133
8,68224;1,84143
8,95228;1,84143
8,26414;1,43695
8,68832;1,43695
4,41149;0,796722
5,33537;0,796722
4,09409;0,760533
4,78032;0,760533
0,0323923;1,61507
0,657767;1,61507
0,0173228;1,65209
1,01794;1,65209
0,397059;1,65091
0,79561;1,65091
2,55103;1,1955
3,46613;1,1955
1,42549;1,46045
1,8455;1,46045
6,24553;0,580135
4,9787;0,580135
21,4724;0,89831
15,6542;0,89831
9,2308;0,727393
6,95563;0,727393
28,0273;1,39395
25,3224;1,39395
3,69423;0,9475
4,1493;0,9475
0,369232;2,00643
0,918265;2,00643
4,57266;0,804299
5,54823;0,804299
2,23123;0,911287
3,54913;0,911287
2,18766;0,943361
3,05982;0,943361
3,88381;0,849958
4,29761;0,849958
4,22401;0,650719
5,01236;0,650719
6,69706;0,633656
5,23039;0,633656
7,7739;1,34144
8,19914;1,34144
9,38483;1,65706
10,2785;1,65706
7,05685;1,25195
7,5846;1,25195
38,248;1,59888
38,1111;1,59888
39,6238;1,70628
38,0998;1,70628
34,7896;1,60876
33,413;1,60876
27,4985;2,59699
26,8925;2,59699
30,0119;1,7785
29,7259;1,7785
30,8296;2,3091
30,945;2,3091
30,6519;2,31925
30,8414;2,31925
33,6535;2,33657
32,6874;2,33657
5,17231;2,26287
6,18479;2,26287
4,34212;2,32608
3,99099;2,32608
8,81588;2,80972
9,11656;2,80972
34,548;2,67093
34,0531;2,67093
23,2121;2,44096
24,5004;2,44096
32,501;2,33908
31,6455;2,33908
3,73073;0,82377
2,48703;0,82377
11,542;1,07301
8,30252;1,07301
22,6867;1,0857
16,5205;1,0857
4,1253;0,743358
2,86149;0,743358
