0,625162;4,07155
2,01611;4,07155
29,6551;3,71805
28,6124;3,71805
50,1263;2,96399
54,5129;2,96399
59,3844;2,91484
60,4687;2,91484
12,8395;3,38015
12,8117;3,38015
6,76684;3,29152
4,93568;3,29152
64,7212;3,17971
65,5755;3,17971
39,8242;3,589
38,6204;3,589
44,7924;3,717
45,3717;3,717
11,5365;3,30618
11,8933;3,30618
37,0115;3,59161
35,9667;3,59161
40,5172;3,36854
39,3431;3,36854
30,0326;2,74873
28,7959;2,74873
15,985;3,0937
17,2899;3,0937
2,34656;3,0868
0,970652;3,0868
14,5668;2,48199
14,8937;2,48199
12,2391;4,61376
11,3399;4,61376
9,00415;4,47483
10,574;4,47483
25,4119;1,99488
25,8212;1,99488
22,496;1,89548
23,1012;1,89548
3,45656;2,0664
2,50897;2,0664
13,3519;3,13837
13,647;3,13837
30,7316;3,20118
31,3322;3,20118
29,6448;3,04671
30,3976;3,04671
34,6014;3,16372
33,3142;3,16372
11,4108;3,32101
10,2218;3,32101
9,29711;3,67908
10,6513;3,67908
14,2789;1,91234
15,2062;1,91234
12,395;3,36889
11,6113;3,36889
22,2799;2,18238
22,7138;2,18238
15,3842;3,33114
14,745;3,33114
26,0151;2,86163
24,8743;2,86163
45,5636;4,43959
44,138;4,43959
31,3468;3,59309
30,2531;3,59309
36,8827;3,59358
35,8579;3,59358
43,1023;4,1236
41,9674;4,1236
42,124;4,36242
45,4981;4,36242
11,2269;2,78024
10,0805;2,78024
14,8537;4,52368
17,3823;4,52368
8,16466;2,1058
8,8259;2,1058
17,4545;3,2698
15,9401;3,2698
16,1962;3,27214
17,6102;3,27214
17,9104;2,97065
16,3633;2,97065
17,6236;2,97769
16,0892;2,97769
13,0282;3,35538
13,3865;3,35538
7,70115;2,3249
6,80249;2,3249
10,8577;2,45607
9,60586;2,45607
7,16795;2,32541
8,20463;2,32541
18,0992;2,33213
18,5151;2,33213
5,73398;2,0509
6,27367;2,0509
3,98887;3,25606
2,30269;3,25606
24,4216;2,09779
25,0817;2,09779
21,7306;2,14302
22,2526;2,14302
20,5292;2,20443
21,1581;2,20443
21,994;2,12504
22,4602;2,12504
14,9974;3,21613
16,7953;3,21613
39,4417;3,7292
41,1093;3,7292
39,494;3,36424
38,373;3,36424
38,6436;3,59036
41,8051;3,59036
35,9573;2,16302
34,6062;2,16302
36,8444;3,91437
35,405;3,91437
38,2261;4,05372
36,8532;4,05372
31,3271;3,44884
30,2652;3,44884
21,9212;2,25029
22,4826;2,25029
20,7551;2,30953
21,3651;2,30953
33,234;3,67706
32,1377;3,67706
9,32175;3,72998
9,76405;3,72998
13,2013;4,66426
12,6148;4,66426
16,6848;2,3653
17,3844;2,3653
16,2602;2,45973
16,765;2,45973
13,9126;2,64464
14,6527;2,64464
38,4658;3,92251
37,5574;3,92251
30,4127;4,19008
29,2462;4,19008
3,23051;2,15622
2,02439;2,15622
5,18826;2,26667
5,57651;2,26667
21,5924;2,31697
21,93;2,31697
16,1349;2,54029
16,2657;2,54029
23,27;2,16103
23,8031;2,16103
20,1354;2,38581
20,5133;2,38581
22,1037;2,68438
23,6094;2,68438
26,1457;3,07141
26,0059;3,07141
24,1803;3,0635
21,9026;3,0635
36,9809;2,86013
37,8684;2,86013
0,600977;2,18409
1,30343;2,18409
58,1417;3,48874
59,7091;3,48874
12,8167;4,48458
13,1154;4,48458
11,3011;4,44867
14,0955;4,44867
36,1847;4,02287
33,3047;4,02287
0,051045;3,97528
5,23353;3,97528
43,6391;4,15171
42,574;4,15171
33,4657;2,20744
32,3306;2,20744
1,40605;2,18847
0,268165;2,18847
13,2911;2,71757
12,2527;2,71757
35,8383;3,91477
34,3133;3,91477
28,6426;3,91006
27,3693;3,91006
18,0389;3,37736
14,294;3,37736
23,4631;2,73173
24,5862;2,73173
23,9303;2,71793
25,0603;2,71793
55,1463;3,29485
62,6896;3,29485
56,4574;3,45689
64,4101;3,45689
56,4968;3,45995
64,4731;3,45995
35,2335;3,17909
37,5437;3,17909
48,8036;3,94516
53,4263;3,94516
23,8077;5,16991
25,9917;5,16991
35,8257;4,27017
39,0835;4,27017
36,1755;4,51419
39,5621;4,51419
31,1389;2,98996
32,9915;2,98996
16,3553;3,33748
17,7875;3,33748
35,2428;4,05869
38,135;4,05869
35,3068;4,10995
38,1948;4,10995
37,0506;4,60475
40,1629;4,60475
31,4889;4,94756
34,6916;4,94756
37,2838;4,14671
39,5249;4,14671
43,6353;4,49122
47,2262;4,49122
41,4934;4,463
44,5179;4,463
25,3411;5,14308
28,8275;5,14308
27,0342;5,20744
28,9269;5,20744
3,87947;3,92146
2,16791;3,92146
1,03077;4,06317
0,514692;4,06317
8,19815;3,69846
6,43885;3,69846
8,50047;3,65597
6,73471;3,65597
5,37373;3,69692
4,63055;3,69692
26,5928;2,85197
27,7741;2,85197
22,5559;2,75918
26,1071;2,75918
38,5223;3,02071
42,2437;3,02071
38,8711;3,02207
42,6567;3,02207
8,29295;2,99009
6,19631;2,99009
10,2007;2,65866
8,21392;2,65866
35,2712;4,03954
38,1288;4,03954
53,4828;3,07371
60,1274;3,07371
53,5325;3,076
60,2123;3,076
36,2028;3,71505
39,0781;3,71505
36,7744;3,46357
39,4645;3,46357
36,7347;3,52798
37,5272;3,52798
35,9107;3,67275
38,6986;3,67275
4,81355;3,2043
2,68972;3,2043
4,53315;3,21741
2,39897;3,21741
33,0003;4,02467
35,774;4,02467
33,02;4,03279
35,8133;4,03279
32,6598;3,30103
34,9005;3,30103
33,3567;3,39413
35,6677;3,39413
20,0151;2,50569
18,8633;2,50569
20,7121;2,50038
18,8499;2,50038
19,5518;2,53343
17,5831;2,53343
34,8553;3,58801
37,3981;3,58801
25,1059;2,1005
23,2073;2,1005
24,9738;2,09284
23,0644;2,09284
11,496;3,52503
9,72754;3,52503
14,921;3,13038
13,1624;3,13038
25,0745;2,12624
23,1838;2,12624
14,7508;3,10558
18,6936;3,10558
14,1614;3,08509
16,0334;3,08509
10,8709;3,14392
9,79652;3,14392
29,9202;3,05326
31,6419;3,05326
29,184;2,91719
30,8051;2,91719
13,3961;2,98531
17,3959;2,98531
13,3481;2,93758
17,3757;2,93758
8,59427;3,62115
6,8174;3,62115
10,8151;3,43604
9,04922;3,43604
27,3399;1,92427
25,6225;1,92427
25,0057;2,11896
23,0938;2,11896
7,83102;2,24437
4,42101;2,24437
7,38521;2,27374
4,02681;2,27374
24,467;2,16012
22,5979;2,16012
21,7091;2,41395
19,8276;2,41395
35,9658;3,38414
38,4416;3,38414
29,1615;3,20931
31,0489;3,20931
33,07;3,59853
35,3938;3,59853
37,7809;3,62007
40,6089;3,62007
11,5001;4,63299
12,9578;4,63299
53,6754;3,24763
60,1237;3,24763
36,2468;3,39523
38,8945;3,39523
56,4942;3,55358
64,4502;3,55358
11,9761;2,66602
10,1079;2,66602
11,0033;2,73237
9,92295;2,73237
8,69259;2,93805
6,58822;2,93805
14,3175;2,42753
12,2838;2,42753
13,2287;2,53204
12,1424;2,53204
3,09114;3,31251
0,910067;3,31251
2,21003;3,36895
0,0273727;3,36895
10,4089;2,83407
8,32303;2,83407
5,12368;3,69422
6,09926;3,69422
4,06923;2,17106
1,10623;2,17106
3,31326;2,18633
0,408765;2,18633
12,6187;2,53173
14,0132;2,53173
21,6285;2,78164
22,8361;2,78164
19,1641;2,48231
22,634;2,48231
27,3728;3,18617
30,7425;3,18617
21,71;2,70168
22,7894;2,70168
32,9459;4,17293
34,806;4,17293
12,4478;3,33548
14,8369;3,33548
7,23858;3,64449
5,38796;3,64449
10,759;3,65613
9,89873;3,65613
14,6505;3,30275
12,98;3,30275
28,6448;5,24176
30,6321;5,24176
45,4172;3,69353
51,1695;3,69353
13,4412;3,40289
15,7675;3,40289
34,6997;3,2958
38,8995;3,2958
5,66064;2,16166
2,4644;2,16166
16,0377;3,29604
15,4936;3,29604
14,0844;3,61211
16,1217;3,61211
19,8801;2,7669
18,2901;2,7669
16,6917;2,88948
17,7695;2,88948
16,6981;2,89759
17,7855;2,89759
8,12493;3,88227
7,45886;3,88227
10,3168;3,36499
12,648;3,36499
15,3214;3,28777
16,968;3,28777
5,79745;2,23038
8,08137;2,23038
0,21435;3,58545
1,46808;3,58545
8,25689;2,96491
6,15875;2,96491
30,4875;4,7931
33,7923;4,7931
29,1574;4,95994
30,9523;4,95994
27,4844;4,96475
29,2326;4,96475
34,4153;3,26255
36,5937;3,26255
32,966;3,32731
35,2647;3,32731
21,6535;2,34719
19,7763;2,34719
7,65627;2,33003
4,30187;2,33003
14,3161;3,15691
13,3186;3,15691
14,7744;3,11464
13,7782;3,11464
13,2026;4,67596
14,5113;4,67596
11,8434;2,95526
14,0639;2,95526
14,9882;3,04889
13,941;3,04889
32,7878;3,9275
35,5255;3,9275
13,8103;3,21351
12,8176;3,21351
13,4419;3,30375
12,5178;3,30375
27,0022;2,00486
25,2552;2,00486
27,2577;1,87868
25,5295;1,87868
12,3816;2,18481
8,82186;2,18481
28,4198;3,37481
30,5302;3,37481
33,3785;3,36674
35,7319;3,36674
33,4263;3,358
35,7771;3,358
34,0956;3,22343
36,2385;3,22343
34,9642;3,28319
37,2341;3,28319
35,7584;3,42697
38,1459;3,42697
54,9432;3,3722
62,2936;3,3722
6,65457;3,05339
4,50506;3,05339
9,88182;2,75229
7,99987;2,75229
9,40329;1,99076
6,03369;1,99076
7,05524;2,11794
3,94575;2,11794
25,1334;2,73602
26,2856;2,73602
12,7966;4,56836
15,5654;4,56836
19,409;3,55115
20,7235;3,55115
22,7487;3,57139
24,109;3,57139
28,9852;3,7191
30,3163;3,7191
27,4177;5,151
29,279;5,151
31,1031;3,17108
33,1665;3,17108
27,3213;3,02233
28,2686;3,02233
41,9421;4,37506
45,2942;4,37506
23,3729;2,15431
21,4023;2,15431
48,2511;3,38917
52,4453;3,38917
33,0537;3,38269
34,9479;3,38269
31,2687;2,98675
33,0262;2,98675
25,4619;2,10636
23,5484;2,10636
26,2197;2,02352
24,3883;2,02352
26,8842;5,11037
28,6954;5,11037
35,5622;4,17861
38,5201;4,17861
35,4041;4,12365
38,3139;4,12365
11,9374;3,39183
11,1171;3,39183
10,489;2,42503
12,2746;2,42503
12,07;2,5905
11,0129;2,5905
16,185;2,51497
14,0755;2,51497
10,3622;3,69989
9,5092;3,69989
13,4874;4,71135
14,8712;4,71135
22,499;2,12006
20,4731;2,12006
20,5296;2,30274
18,4584;2,30274
34,6575;3,17305
36,8765;3,17305
18,5342;2,72793
16,6376;2,72793
14,6692;3,13625
13,6915;3,13625
35,7647;3,66089
38,5165;3,66089
19,3942;2,07368
17,0611;2,07368
17,104;2,3328
14,8307;2,3328
24,7179;2,16718
22,8085;2,16718
27,6701;1,9202
25,962;1,9202
24,6393;2,13991
22,8214;2,13991
11,3354;4,60594
12,794;4,60594
11,7987;4,67345
13,2894;4,67345
37,685;3,42628
40,6485;3,42628
13,4468;2,46768
14,9583;2,46768
14,4514;2,47172
15,9162;2,47172
37,2217;4,07314
39,5939;4,07314
1,90953;3,98217
1,61575;3,98217
0,899569;3,93194
0,692625;3,93194
20,1133;2,60842
23,6665;2,60842
5,75909;2,30418
7,95225;2,30418
7,70886;2,08018
4,51647;2,08018
7,81406;2,05328
4,61157;2,05328
5,54442;2,09928
2,47702;2,09928
5,41528;2,08244
2,35567;2,08244
32,2944;3,49161
34,5258;3,49161
33,4353;3,6382
35,8388;3,6382
33,7258;3,41007
36,1605;3,41007
33,1971;3,31411
35,5096;3,31411
60,8558;3,451
69,7341;3,451
4,87643;2,05147
1,85582;2,05147
5,37851;2,08863
2,37547;2,08863
15,6074;2,98354
16,9942;2,98354
6,41507;2,10487
3,34394;2,10487
7,18328;2,06279
4,02205;2,06279
18,5089;2,4355
16,403;2,4355
60,9286;3,19421
69,8887;3,19421
16,6891;3,49525
18,5967;3,49525
28,7205;3,39084
30,8661;3,39084
1,18935;2,2124
1,46623;2,2124
57,9131;3,75916
63,3565;3,75916
50,4625;3,47683
55,0972;3,47683
48,7067;4,02852
53,3141;4,02852
55,889;3,7085
63,9109;3,7085
56,1542;3,71109
64,3026;3,71109
36,5668;4,60258
40,0185;4,60258
32,1169;4,8902
33,585;4,8902
27,175;5,23585
27,8138;5,23585
38,8788;3,86381
42,1662;3,86381
35,2787;4,1198
38,1446;4,1198
36,6301;3,99106
39,8634;3,99106
40,9604;4,49902
43,9202;4,49902
42,6483;4,48506
46,0989;4,48506
41,6055;4,41091
44,7577;4,41091
41,8888;4,38218
45,1706;4,38218
41,0122;4,32921
41,2226;4,32921
8,7032;3,64868
6,94816;3,64868
6,67227;3,71736
4,84408;3,71736
15,7196;3,16242
14,9159;3,16242
31,2708;3,98408
32,9178;3,98408
13,6421;3,41363
15,9407;3,41363
17,97;3,43655
19,437;3,43655
18,9212;3,51808
17,9797;3,51808
16,1974;4,67303
16,782;4,67303
12,1653;4,04109
12,8404;4,04109
12,3448;4,3555
13,0223;4,3555
14,1044;4,50493
14,7748;4,50493
21,1588;2,58316
22,2961;2,58316
18,2521;2,64701
19,3649;2,64701
13,1365;2,47132
14,664;2,47132
20,7491;2,66822
24,1599;2,66822
25,5674;2,801
26,9886;2,801
30,7487;2,95055
32,2442;2,95055
21,064;2,61674
22,0335;2,61674
1,47118;2,20443
1,18192;2,20443
0,264296;2,17933
2,31518;2,17933
9,92978;2,01606
6,60431;2,01606
7,83031;2,34076
9,86278;2,34076
7,66202;2,33758
9,66463;2,33758
0,492722;2,20478
3,01053;2,20478
4,16378;2,22475
0,830403;2,22475
1,09956;2,2295
1,54859;2,2295
3,15551;2,21964
1,41262;2,21964
6,70682;2,08779
3,5199;2,08779
3,48201;2,43405
5,97058;2,43405
1,87234;2,2435
6,16069;2,2435
1,07608;3,40663
1,12253;3,40663
24,6928;2,83165
26,2454;2,83165
6,22406;3,10249
4,1037;3,10249
2,57804;3,34802
0,410234;3,34802
7,73943;2,97315
5,60791;2,97315
7,27269;3,01318
5,13864;3,01318
7,76971;2,8814
6,66433;2,8814
7,89134;2,88785
6,77999;2,88785
48,1348;3,14155
52,2861;3,14155
38,5671;3,26842
41,43;3,26842
54,7898;3,26902
62,1046;3,26902
52,777;3,00009
58,6644;3,00009
51,9214;2,8759
57,7013;2,8759
53,9568;3,01324
60,6896;3,01324
14,5459;4,95693
17,0874;4,95693
35,4705;3,59826
38,1408;3,59826
38,5644;3,37232
41,6892;3,37232
34,6158;3,79736
37,2638;3,79736
28,0525;3,12593
29,8138;3,12593
31,9403;3,07581
33,8007;3,07581
34,2743;3,47564
36,7487;3,47564
19,4855;2,56765
17,6025;2,56765
5,71877;2,65365
8,10551;2,65365
9,5639;2,1743
6,09351;2,1743
8,63734;2,16483
5,13398;2,16483
8,19419;2,49214
10,1785;2,49214
5,62456;2,46664
7,9216;2,46664
0,997407;2,31215
3,71466;2,31215
24,6507;1,85994
21,8378;1,85994
23,4636;1,96881
20,5765;1,96881
22,3257;2,28542
20,3652;2,28542
22,7753;2,27228
20,8017;2,27228
18,1921;2,22572
15,8725;2,22572
14,6867;3,18334
12,9488;3,18334
8,46376;3,47621
6,60785;3,47621
11,2003;3,36412
9,41342;3,36412
10,4378;3,20259
8,49189;3,20259
15,0679;2,88127
13,1291;2,88127
75,0239;3,29402
83,0171;3,29402
14,5369;3,22203
16,2309;3,22203
13,5524;3,139
15,3519;3,139
44,6005;3,29265
18,9907;3,29265
50,4949;2,9878
54,9599;2,9878
14,974;2,85012
16,4118;2,85012
17,325;3,0328
18,4243;3,0328
13,1269;2,9532
11,185;2,9532
14,9687;3,0044
16,2908;3,0044
14,4769;3,08991
18,7044;3,08991
14,8881;2,88771
12,9426;2,88771
51,419;3,06944
56,9424;3,06944
21,4989;2,14338
19,3657;2,14338
12,8171;2,84062
14,3488;2,84062
16,5978;2,65314
20,2943;2,65314
54,2928;3,35975
61,3112;3,35975
59,9553;3,13631
67,9703;3,13631
52,2756;2,93712
58,3065;2,93712
44,3695;3,13688
47,1909;3,13688
28,3365;2,89813
29,7167;2,89813
55,2803;3,34293
62,9589;3,34293
49,5449;3,67237
54,1959;3,67237
18,3314;2,71173
19,7175;2,71173
2,33979;3,75239
3,65322;3,75239
12,1561;2,53652
13,5892;2,53652
7,33574;2,06213
4,06614;2,06213
10,7776;2,01693
7,16619;2,01693
4,73739;2,39547
6,95603;2,39547
5,94274;2,11285
2,9491;2,11285
37,0613;2,70928
37,1545;2,70928
29,2485;3,92386
30,7996;3,92386
24,7221;2,38729
24,1615;2,38729
41,5972;3,70718
42,1412;3,70718
50,2352;3,42497
51,5431;3,42497
74,5328;3,2753
86,901;3,2753
27,557;3,8498
29,0198;3,8498
8,67852;3,44162
11,2623;3,44162
30,1642;5,0566
33,3862;5,0566
38,803;4,40367
42,1463;4,40367
23,8918;5,06844
26,0146;5,06844
42,1117;3,98379
44,7897;3,98379
55,6181;3,59946
61,1768;3,59946
33,9814;3,10444
35,8697;3,10444
22,517;2,45048
20,8367;2,45048
15,5379;2,65682
16,5892;2,65682
17,1281;2,8196
15,3714;2,8196
