10,1702;1,35133
8,77343;1,35133
15,3041;1,49095
13,9981;1,49095
7,15106;3,754
7,04881;3,754
9,12107;1,37302
8,13616;1,37302
10,5814;1,59139
9,6922;1,59139
21,2021;2,00993
18,9003;2,00993
15,0877;3,8798
15,3077;3,8798
6,19799;3,37835
6,06662;3,37835
9,55003;3,40847
9,44274;3,40847
6,23926;3,56008
6,22707;3,56008
40,753;1,67293
41,1467;1,67293
29,2789;1,67234
29,6754;1,67234
63,3465;0,670272
61,5622;0,670272
17,2971;1,40067
16,3917;1,40067
44,6065;1,57967
43,8531;1,57967
24,8408;1,27503
23,3031;1,27503
26,9265;1,27626
28,3091;1,27626
19,4055;1,67865
18,5342;1,67865
19,9788;1,39984
17,8851;1,39984
19,842;1,50337
17,8311;1,50337
9,22206;3,17687
8,98086;3,17687
35,8366;3,39632
35,8249;3,39632
19,7699;1,86896
19,307;1,86896
20,7915;1,83291
17,7601;1,83291
12,4815;2,41735
10,8167;2,41735
4,46648;0,367441
1,84317;0,367441
52,9316;2,07113
51,7747;2,07113
28,7429;1,58647
27,1107;1,58647
24,169;2,25542
24,6366;2,25542
13,6387;2,22114
12,0156;2,22114
13,406;3,02239
14,2792;3,02239
7,50613;3,01116
8,51153;3,01116
3,59304;2,90481
4,45746;2,90481
34,8089;0,35882
33,7926;0,35882
10,862;3,20253
11,1422;3,20253
17,7908;1,84175
18,2034;1,84175
10,9798;0,302612
11,1347;0,302612
12,4414;0,396142
11,6092;0,396142
13,4272;3,56568
13,3235;3,56568
22,9997;3,53325
22,923;3,53325
26,1726;1,29739
25,9605;1,29739
41,3716;1,29754
42,7442;1,29754
30,1636;1,31284
31,5251;1,31284
21,2804;1,99292
20,6427;1,99292
20,4269;2,00057
19,7937;2,00057
20,0943;1,76059
19,2859;1,76059
7,8758;2,91148
9,31455;2,91148
26,3705;2,96121
27,213;2,96121
21,8268;1,03173
19,5251;1,03173
11,7773;1,11083
12,5087;1,11083
19,1493;1,25928
20,087;1,25928
21,3487;1,65197
19,032;1,65197
19,8528;1,65209
17,5377;1,65209
19,4339;2,00584
18,9547;2,00584
35,8682;3,05121
36,92;3,05121
15,974;2,09639
18,7401;2,09639
8,07838;2,75705
7,35354;2,75705
8,00764;2,84854
8,46528;2,84854
31,8139;1,40848
29,3144;1,40848
23,7907;1,39437
22,7488;1,39437
27,1456;2,092
26,8698;2,092
16,9986;1,64485
16,6265;1,64485
17,1555;1,64473
16,4414;1,64473
43,7793;2,04009
44,2416;2,04009
55,9339;2,03913
56,3873;2,03913
12,306;2,34293
12,7514;2,34293
26,5375;2,21063
24,1194;2,21063
16,8653;2,21178
14,8736;2,21178
30,8031;1,6776
31,1488;1,6776
8,06522;3,73224
8,08141;3,73224
6,02886;3,79318
5,67342;3,79318
6,53807;3,128
6,4572;3,128
6,37123;3,53241
6,72956;3,53241
11,9533;3,49166
13,4744;3,49166
18,1278;1,84079
18,3928;1,84079
17,2014;1,84026
17,3991;1,84026
22,1698;2,40216
23,0294;2,40216
19,8736;2,37669
18,5552;2,37669
19,4658;1,90762
18,8272;1,90762
22,5474;1,99066
21,3244;1,99066
22,7143;2,08985
21,5661;2,08985
8,1611;3,09901
7,08145;3,09901
7,68784;2,64079
7,36941;2,64079
17,7479;1,83696
16,7253;1,83696
6,87982;2,68183
6,60794;2,68183
16,2405;1,70686
15,3248;1,70686
16,6963;1,74999
15,7814;1,74999
17,7781;1,83941
14,9246;1,83941
12,6049;1,98889
11,0047;1,98889
7,8611;3,02362
7,83954;3,02362
7,56027;2,98072
7,46907;2,98072
16,5021;0,665585
14,8755;0,665585
16,5714;0,791794
14,9218;0,791794
19,3377;2,03461
18,7136;2,03461
7,30336;3,60723
8,05235;3,60723
14,4071;2,13185
13,7798;2,13185
14,8544;2,21187
14,1444;2,21187
19,5061;1,68156
18,461;1,68156
23,616;1,05499
21,6038;1,05499
20,0369;1,91755
19,0013;1,91755
4,33595;0,315899
2,34139;0,315899
7,78986;3,02517
6,72874;3,02517
19,3283;1,64473
18,5925;1,64473
19,8925;1,94592
19,4686;1,94592
19,9235;1,93654
19,5014;1,93654
19,4322;1,40333
18,1045;1,40333
9,58771;1,68725
8,39322;1,68725
9,58677;1,684
8,39065;1,684
13,9658;2,1357
13,3081;2,1357
9,6786;1,46514
9,14394;1,46514
7,38126;2,82916
7,23592;2,82916
8,2004;2,94849
8,13784;2,94849
7,3366;2,83649
7,18661;2,83649
8,02235;2,59616
6,84035;2,59616
7,4799;2,97618
6,3671;2,97618
19,3771;1,59961
18,6181;1,59961
20,7673;1,27165
19,1211;1,27165
7,78862;2,81327
7,61358;2,81327
16,0294;2,00672
15,2051;2,00672
14,8099;1,90094
14,032;1,90094
7,28751;3,17484
6,38242;3,17484
15,3974;1,32722
14,6309;1,32722
15,2499;1,22605
14,5168;1,22605
14,8201;2,16257
14,2298;2,16257
14,6685;2,16817
14,0816;2,16817
14,8966;2,16266
12,6122;2,16266
10,3841;1,60681
9,18991;1,60681
14,2239;1,4634
12,6762;1,4634
4,25848;0,390671
2,72389;0,390671
6,11887;3,74267
5,68624;3,74267
6,11167;3,76484
5,68036;3,76484
12,1729;2,17448
10,3449;2,17448
5,86489;3,62374
5,32047;3,62374
6,14451;3,71763
6,38963;3,71763
24,5503;1,38126
23,0605;1,38126
19,5303;1,83547
18,5051;1,83547
14,3248;1,45884
13,5984;1,45884
12,2866;3,57566
10,7348;3,57566
6,93823;3,37847
6,1531;3,37847
15,6399;1,58016
14,8032;1,58016
13,9678;2,1324
13,299;2,1324
16,1774;1,86792
15,3044;1,86792
16,7974;1,91008
15,9559;1,91008
6,99325;2,68438
5,9081;2,68438
7,24481;2,75129
6,12928;2,75129
6,67297;3,07211
6,58173;3,07211
7,06356;3,10936
7,03703;3,10936
7,52391;2,89354
7,35087;2,89354
10,3943;1,86162
9,81535;1,86162
9,67144;1,46527
9,13745;1,46527
11,2528;1,78443
9,93023;1,78443
11,2607;1,94672
9,87962;1,94672
14,2872;2,27331
13,5978;2,27331
14,3737;2,27924
13,7085;2,27924
13,9973;2,22572
13,4069;2,22572
19,2584;1,64259
18,5092;1,64259
20,2732;1,59557
19,3369;1,59557
24,6098;1,57321
23,2043;1,57321
21,9247;2,19704
20,6801;2,19704
14,1379;1,4722
13,4069;1,4722
14,0298;1,39269
13,3178;1,39269
8,40365;2,76966
7,20706;2,76966
10,5471;2,1908
9,96404;2,1908
11,5604;2,19695
10,9645;2,19695
9,78651;2,33297
9,30754;2,33297
18,6474;2,00633
15,1779;2,00633
14,6672;2,17097
14,0928;2,17097
15,5877;1,32086
13,8445;1,32086
10,5074;3,33355
8,05593;3,33355
8,68814;3,10406
6,56761;3,10406
4,5538;0,541764
3,02667;0,541764
19,2404;0,944397
18,06;0,944397
18,9255;0,890214
17,4614;0,890214
20,0506;1,20918
18,9559;1,20918
26,0203;0,999755
23,7413;0,999755
26,8102;1,29573
25,0899;1,29573
19,4199;1,67491
18,3506;1,67491
19,8159;1,51427
17,9908;1,51427
28,5864;1,67339
27,3977;1,67339
3,26769;0,303258
1,78651;0,303258
6,90189;3,78993
6,75852;3,78993
6,19958;3,67131
6,44401;3,67131
6,91307;3,26123
6,06513;3,26123
24,6177;1,57309
23,2157;1,57309
24,3462;1,39058
22,7803;1,39058
24,6492;1,57172
23,2571;1,57172
7,97876;2,77142
6,73979;2,77142
23,0863;0,890434
19,9215;0,890434
17,982;1,8443
16,9576;1,8443
18,5305;1,13332
16,337;1,13332
17,7002;1,83131
14,8468;1,83131
11,5466;2,18776
10,941;2,18776
12,0843;2,11387
10,4696;2,11387
19,9969;1,90978
18,9449;1,90978
18,8078;2,22308
16,3728;2,22308
15,9057;2,22563
13,278;2,22563
14,3774;2,25906
13,8412;2,25906
14,4646;2,0422
13,8411;2,0422
14,4572;2,04172
13,82;2,04172
6,39818;3,79266
6,0002;3,79266
19,7893;1,96384
19,2111;1,96384
20,6615;1,17869
18,931;1,17869
20,5632;1,9257
19,0364;1,9257
20,7063;1,93128
19,2162;1,93128
6,62073;3,06382
6,5567;3,06382
7,09208;2,79582
6,88373;2,79582
6,76612;2,72225
6,49523;2,72225
7,21479;2,76059
6,10712;2,76059
17,9002;1,84928
16,9092;1,84928
17,9175;1,84589
16,9055;1,84589
19,2834;1,92285
18,3834;1,92285
6,91612;3,14323
7,7838;3,14323
15,9957;0,744936
9,51192;0,744936
6,58986;3,80277
6,25315;3,80277
24,1828;1,06643
22,3147;1,06643
18,4184;1,11259
16,2296;1,11259
8,25411;3,10463
8,27516;3,10463
7,44069;2,99696
7,36159;2,99696
14,823;1,33618
13,0862;1,33618
14,8629;2,21355
14,1599;2,21355
10,5094;4,46344
12,571;4,46344
15,8163;2,23318
15,216;2,23318
20,3123;2,02023
19,1536;2,02023
13,9655;2,1368
13,3115;2,1368
2,41866;0,402998
0,967223;0,402998
8,98817;1,1542
7,87911;1,1542
14,4856;2,13488
13,8811;2,13488
16,293;1,73303
15,4162;1,73303
19,4224;1,39522
18,0977;1,39522
11,8825;3,11898
11,4926;3,11898
16,6404;0,797703
14,9818;0,797703
6,75102;3,40674
6,00298;3,40674
7,42341;2,8214
7,27938;2,8214
19,3485;1,99773
18,7159;1,99773
6,58285;2,94756
6,44959;2,94756
17,2037;0,770756
13,9513;0,770756
25,8616;1,00288
23,5274;1,00288
16,1787;0,914288
10,8987;0,914288
8,61965;0,618023
6,78288;0,618023
10,142;0,643766
7,88756;0,643766
20,0396;1,28069
18,9781;1,28069
19,3486;1,43299
18,5381;1,43299
19,0918;1,02812
16,6536;1,02812
10,1454;0,665879
8,98719;0,665879
9,52891;0,680701
8,33038;0,680701
10,2041;0,744673
9,03495;0,744673
9,58079;1,62775
8,39138;1,62775
8,5069;1,13901
7,42965;1,13901
6,72457;0,495746
5,15151;0,495746
6,82396;0,331613
5,28593;0,331613
6,79978;0,316518
5,25299;0,316518
6,4124;0,369035
4,85784;0,369035
12,2005;2,14539
11,5499;2,14539
13,2065;2,15404
12,5852;2,15404
14,3067;2,11517
12,1852;2,11517
7,50398;3,07511
7,47931;3,07511
8,1012;3,04793
7,01967;3,04793
15,3649;1,32884
14,6019;1,32884
15,4611;1,32515
14,6865;1,32515
15,5085;1,38959
14,695;1,38959
15,4196;1,70341
13,3908;1,70341
14,8054;1,89888
14,0244;1,89888
14,2364;1,78827
13,4852;1,78827
16,7863;1,74428
15,8475;1,74428
15,1753;1,73416
14,3502;1,73416
16,7296;1,73956
14,3387;1,73956
16,1132;1,84653
15,1936;1,84653
19,2394;1,91039
15,9713;1,91039
7,62667;2,78122
6,50633;2,78122
7,56495;2,72455
6,38908;2,72455
11,0883;2,14037
9,48067;2,14037
8,53975;2,19267
8,01095;2,19267
10,7297;2,38762
10,2545;2,38762
10,7069;2,37907
10,2172;2,37907
11,4742;2,20788
10,8814;2,20788
7,77233;2,35069
6,62802;2,35069
8,08109;2,84496
7,9318;2,84496
10,4973;1,93795
9,91391;1,93795
11,155;1,8633
9,80533;1,8633
6,10315;2,60722
5,17449;2,60722
10,6037;1,78674
10,0298;1,78674
15,0766;1,48911
13,2476;1,48911
15,03;1,49174
13,2172;1,49174
14,7905;1,41458
13,0535;1,41458
14,7499;1,33969
13,0274;1,33969
14,2696;1,465
13,549;1,465
11,6479;2,17006
11,0511;2,17006
20,0344;2,29695
19,2824;2,29695
20,5479;1,99174
19,5337;1,99174
20,7719;2,23195
20,5509;2,23195
22,6403;1,98525
21,4704;1,98525
23,8948;1,88492
22,4062;1,88492
22,4006;2,02449
21,1561;2,02449
18,0734;2,51614
17,258;2,51614
19,7483;2,33314
18,9452;2,33314
18,5797;2,54576
17,8457;2,54576
18,1787;2,49811
17,368;2,49811
14,3857;2,71469
13,8566;2,71469
18,6434;2,49936
17,9465;2,49936
19,0738;2,40493
18,2507;2,40493
24,6787;1,57147
23,2957;1,57147
19,2124;1,30925
16,9285;1,30925
28,1164;1,36143
27,4533;1,36143
29,3949;1,33354
27,3633;1,33354
20,3059;1,86813
18,7234;1,86813
20,5546;1,94118
19,739;1,94118
24,7762;1,66742
23,4134;1,66742
24,3215;1,61544
22,9873;1,61544
19,4239;1,75535
18,3679;1,75535
19,6371;1,65256
18,3058;1,65256
20,0652;1,9202
19,2095;1,9202
7,24021;3,86766
7,15122;3,86766
7,09401;3,77216
7,0324;3,77216
6,93245;3,85285
6,74665;3,85285
6,7017;3,8093
6,48516;3,8093
20,6593;2,29388
18,8641;2,29388
21,6755;2,27193
20,0976;2,27193
20,1262;2,28122
17,9307;2,28122
18,3174;2,29559
17,9472;2,29559
12,5179;3,18186
12,1642;3,18186
7,13836;3,81603
7,2973;3,81603
14,4231;2,26486
13,9288;2,26486
5,86152;3,55176
5,9746;3,55176
6,32475;3,74936
5,96569;3,74936
7,12406;3,86452
5,99796;3,86452
6,13129;3,72273
5,69652;3,72273
18,8599;2,1941
16,2543;2,1941
14,2517;2,00594
12,266;2,00594
17,3985;2,21284
14,6145;2,21284
16,2045;2,14128
15,5758;2,14128
18,7798;2,23931
16,3019;2,23931
17,5256;2,18946
14,8424;2,18946
16,0209;2,23782
15,5398;2,23782
6,24469;3,748
5,90401;3,748
6,20472;3,66565
5,66963;3,66565
18,2907;2,25707
17,991;2,25707
20,0536;1,39451
18,9838;1,39451
19,5849;1,30836
18,2175;1,30836
19,6152;1,79024
18,7831;1,79024
29,1913;1,49933
27,1338;1,49933
26,4648;1,29845
24,7255;1,29845
19,7037;2,27761
18,5762;2,27761
20,0576;2,14174
19,1184;2,14174
9,59032;2,68766
8,16779;2,68766
10,3094;2,37232
8,81021;2,37232
7,39391;2,74281
7,17808;2,74281
13,5368;2,0399
12,8439;2,0399
13,984;1,84047
13,2448;1,84047
7,47105;3,23834
8,46576;3,23834
11,6309;2,28293
11,0544;2,28293
15,8061;0,865698
15,1041;0,865698
14,7046;0,972772
13,0377;0,972772
12,3602;0,75873
10,981;0,75873
19,2355;0,850188
17,0875;0,850188
7,44702;0,496534
5,85136;0,496534
26,8057;1,18564
24,9916;1,18564
9,58723;1,77134
9,06029;1,77134
20,1359;2,01616
18,9391;2,01616
17,0243;2,63819
15,9802;2,63819
