24,3201;4,07155
22,6266;4,07155
44,8725;3,71805
43,4703;3,71805
15,9275;3,38015
12,3244;3,38015
2,13521;3,29152
4,07015;3,29152
31,716;3,28163
32,0071;3,28163
31,8647;3,2958
32,346;3,2958
51,598;3,17971
52,1838;3,17971
33,5298;3,589
32,028;3,589
41,9328;3,717
39,3565;3,717
39,5224;2,74873
37,9777;2,74873
30,4051;3,59161
28,6119;3,59161
33,498;3,36854
32,0697;3,36854
2,37568;3,30618
2,83639;3,30618
17,9163;3,0937
18,877;3,0937
15,7076;2,48199
13,7453;2,48199
8,84097;4,61376
8,19703;4,61376
17,4804;4,47483
16,1402;4,47483
9,3317;1,99488
10,3509;1,99488
9,70147;1,89548
10,7246;1,89548
1,21062;2,0664
0,577424;2,0664
2,66927;3,13837
2,27013;3,13837
24,7901;3,20118
25,4135;3,20118
28,0985;3,04671
28,2964;3,04671
33,7647;3,16372
26,6166;3,16372
2,27042;3,32101
3,50716;3,32101
0,95292;3,67908
1,12832;3,67908
4,74129;1,91234
7,60138;1,91234
27,0054;2,86163
24,8862;2,86163
50,0746;3,33114
49,0683;3,33114
25,0668;3,36889
23,0151;3,36889
4,97016;2,18238
5,88574;2,18238
39,6444;4,43959
37,9843;4,43959
28,6472;3,07141
27,2523;3,07141
37,7472;4,1236
36,4883;4,1236
38,3742;4,36242
36,8009;4,36242
34,1802;3,59309
32,954;3,59309
30,8881;3,59358
29,9233;3,59358
52,6095;2,78024
49,937;2,78024
17,1206;4,52368
15,2941;4,52368
8,06855;2,12504
8,75861;2,12504
18,5537;2,97065
16,3469;2,97065
19,5623;2,97769
17,4785;2,97769
2,62863;2,1058
1,50065;2,1058
5,69001;2,33213
6,87066;2,33213
3,25993;3,35538
3,87668;3,35538
13,5807;2,3249
5,38298;2,3249
11,7897;2,45607
10,2111;2,45607
12,7329;2,32541
12,977;2,32541
2,37569;2,0509
0,0728499;2,0509
34,181;2,09779
33,0878;2,09779
13,6677;2,14302
12,825;2,14302
6,97719;2,20443
8,11598;2,20443
17,2563;3,21613
15,3283;3,21613
33,7408;3,7292
32,5116;3,7292
18,1521;3,2698
16,2315;3,2698
53,7004;3,27214
51,5217;3,27214
42,8464;3,36424
41,7928;3,36424
33,8616;3,59036
31,6859;3,59036
33,0761;2,16302
31,6036;2,16302
34,1704;3,91437
32,3522;3,91437
36,743;4,05372
32,9598;4,05372
36,1277;3,44884
34,975;3,44884
2,71651;2,25029
3,8898;2,25029
3,5383;2,30953
4,4339;2,30953
32,9876;3,67706
30,1773;3,67706
4,38721;3,72998
3,8694;3,72998
14,0583;4,66426
13,2008;4,66426
5,66966;2,3653
6,58363;2,3653
5,28019;2,45973
6,31748;2,45973
3,58662;2,64464
5,00878;2,64464
33,1007;3,92251
32,0866;3,92251
30,8195;2,98996
29,1909;2,98996
38,1353;4,15171
36,4844;4,15171
46,2428;4,14671
45,2197;4,14671
34,0719;3,91477
32,3154;3,91477
34,2862;3,91006
32,5106;3,91006
40,0075;2,68438
38,675;2,68438
30,412;3,46357
28,5592;3,46357
52,2567;3,48874
52,1811;3,48874
42,8078;4,48458
42,8417;4,48458
12,7422;4,44867
12,5186;4,44867
4,73762;3,97528
8,45915;3,97528
17,0186;2,54029
15,0702;2,54029
24,8535;2,73173
22,8257;2,73173
29,8;2,71793
17,858;2,71793
46,088;3,29485
47,176;3,29485
46,9835;3,45689
47,3278;3,45689
46,987;3,45995
47,456;3,45995
32,022;3,17909
29,8091;3,17909
47,7512;3,07371
48,122;3,07371
49,0009;3,076
49,3976;3,076
39,4099;4,49122
37,9741;4,49122
38,827;4,463
35,5012;4,463
25,9965;2,85197
24,5054;2,85197
23,8814;2,75918
24,3459;2,75918
6,47416;2,38581
6,99451;2,38581
38,8492;2,15622
35,7122;2,15622
0,782672;2,26667
0,190596;2,26667
6,61623;2,31697
9,89218;2,31697
7,10759;2,16103
10,6093;2,16103
33,07;4,03954
31,22;4,03954
14,6553;2,71757
8,1689;2,71757
8,1215;2,20744
1,76869;2,20744
8,41303;2,18847
1,96221;2,18847
6,63541;2,18409
1,22114;2,18409
25,3355;3,0635
13,865;3,0635
39,0453;2,86013
30,8714;2,86013
20,759;3,37736
12,3429;3,37736
42,178;3,94516
38,177;3,94516
23,8051;5,16991
24,8373;5,16991
33,2193;4,27017
31,931;4,27017
33,4694;4,51419
32,2571;4,51419
20,9973;3,33748
13,9427;3,33748
32,9525;4,05869
31,2601;4,05869
33,0602;4,10995
31,3779;4,10995
35,35;4,60475
33,3205;4,60475
30,8078;4,94756
30,2386;4,94756
25,3321;5,14308
26,8179;5,14308
26,8814;5,20744
26,8675;5,20744
2,80475;3,92146
0,488948;3,92146
4,4346;4,06317
1,19011;4,06317
0,293371;3,69846
2,97841;3,69846
0,185622;3,65597
3,10458;3,65597
2,3037;3,69692
1,83625;3,69692
39,7781;3,02071
32,3984;3,02071
39,8688;3,02207
32,6043;3,02207
2,62378;2,99009
5,57334;2,99009
2,2434;2,65866
6,23929;2,65866
33,2629;4,02287
30,3153;4,02287
34,0866;3,71505
31,0612;3,71505
35,1503;3,52798
30,029;3,52798
34,1478;3,67275
31,1553;3,67275
0,0404849;3,2043
3,34566;3,2043
0,140731;3,21741
3,13431;3,21741
31,9534;4,02467
30,3746;4,02467
31,9089;4,03279
30,4381;4,03279
33,2197;3,30103
28,5516;3,30103
33,489;3,39413
28,873;3,39413
5,15063;2,50569
8,99362;2,50569
5,74345;2,50038
8,96731;2,50038
5,17071;2,53343
8,35557;2,53343
34,1101;3,58801
30,5126;3,58801
33,3712;4,19008
31,709;4,19008
7,62336;2,1005
10,9363;2,1005
7,5501;2,09284
10,8476;2,09284
1,70357;3,52503
4,82506;3,52503
3,12888;3,13038
6,39316;3,13038
7,63957;2,12624
10,9727;2,12624
20,4735;3,10558
13,5953;3,10558
19,778;3,08509
11,5862;3,08509
0,497428;3,14392
4,49274;3,14392
32,6371;3,05326
25,5613;3,05326
32,2673;2,91719
24,7927;2,91719
19,4256;2,98531
12,4719;2,98531
19,3954;2,93758
12,4471;2,93758
0,195697;3,62115
3,11551;3,62115
1,00071;3,43604
4,27479;3,43604
8,58694;1,92427
11,9333;1,92427
7,6034;2,11896
10,9281;2,11896
4,482;2,24437
0,289665;2,24437
4,69335;2,27374
0,14507;2,27374
7,09595;2,16012
10,5945;2,16012
6,18107;2,41395
9,43952;2,41395
34,855;3,38414
30,5824;3,38414
31,1603;3,20931
26,2115;3,20931
32,8586;3,59853
29,8345;3,59853
35,1598;3,62007
31,5303;3,62007
12,7167;4,63299
11,8842;4,63299
48,9792;3,24763
42,7426;3,24763
34,3132;3,39523
29,3377;3,39523
49,9841;3,55358
44,6581;3,55358
3,88843;2,66602
7,53948;2,66602
3,41743;2,73237
7,58312;2,73237
2,27867;2,93805
5,77824;2,93805
4,14422;2,42753
8,06495;2,42753
3,86884;2,53204
8,33788;2,53204
1,05694;3,31251
2,0192;3,31251
1,68664;3,36895
1,36958;3,36895
3,54008;2,83407
6,80085;2,83407
8,25333;3,69422
3,35699;3,69422
6,51588;2,17106
0,731883;2,17106
6,90534;2,18633
1,0189;2,18633
19,7018;2,53173
8,85632;2,53173
27,7322;2,78164
16,1852;2,78164
26,2953;2,48231
14,9702;2,48231
31,4873;3,18617
22,8475;3,18617
28,2474;2,70168
15,5317;2,70168
35,1111;4,17293
31,1069;4,17293
17,1727;3,33548
11,8848;3,33548
1,10161;3,64449
2,22255;3,64449
1,47781;3,65613
5,15208;3,65613
3,46897;3,30275
6,73019;3,30275
28,2596;5,24176
27,9115;5,24176
43,8032;3,69353
39,5685;3,69353
17,8377;3,40289
12,6721;3,40289
17,8622;3,61211
13,1254;3,61211
50,7988;2,91484
43,0552;2,91484
4,51364;2,33003
0,219508;2,33003
20,2705;3,29604
12,4452;3,29604
5,5102;2,7669
8,97287;2,7669
23,1275;2,88948
12,504;2,88948
23,1104;2,89759
12,529;2,89759
0,130533;3,88227
3,93542;3,88227
15,2241;3,36499
10,3123;3,36499
19,9305;3,28777
13,4464;3,28777
13,6078;2,23038
5,62099;2,23038
3,23392;3,58545
0,00099604;3,58545
2,31418;2,96491
5,525;2,96491
29,5846;4,7931
29,7326;4,7931
28,5683;4,95994
28,1042;4,95994
27,1433;4,96475
26,9695;4,96475
34,4687;3,26255
29,4072;3,26255
33,2711;3,32731
28,619;3,32731
5,57297;2,34719
9,18391;2,34719
5,67504;2,16166
0,289365;2,16166
2,82535;3,15691
6,54822;3,15691
3,01748;3,11464
6,75944;3,11464
14,6285;4,67596
13,2442;4,67596
17,7691;2,95526
10,2738;2,95526
3,0536;3,04889
6,77038;3,04889
31,7317;3,9275
30,1295;3,9275
2,60379;3,21351
6,32606;3,21351
2,52797;3,30375
6,28305;3,30375
8,23542;2,00486
11,8206;2,00486
8,50447;1,87868
11,8068;1,87868
1,46626;2,18481
2,71018;2,18481
30,1897;3,37481
26,2786;3,37481
33,5006;3,36674
29,3973;3,36674
33,5341;3,358
29,5835;3,358
34,2397;3,22343
28,7986;3,22343
34,6065;3,28319
29,8195;3,28319
34,9327;3,42697
30,3951;3,42697
49,3942;3,3722
43,6008;3,3722
1,10934;3,05339
4,48542;3,05339
2,43552;2,75229
6,34475;2,75229
2,98018;1,99076
1,96554;1,99076
4,09635;2,11794
1,1748;2,11794
30,5598;2,73602
19,4629;2,73602
14,9229;4,56836
13,6444;4,56836
23,4779;3,55115
17,07;3,55115
27,0192;3,57139
20,4431;3,57139
32,8887;3,7191
26,7547;3,7191
27,1519;5,151
27,0976;5,151
39,5119;4,37506
35,4309;4,37506
6,78752;2,15431
10,0037;2,15431
33,5782;3,38269
25,9032;3,38269
32,9157;2,98675
24,6398;2,98675
26,6938;5,11037
26,6022;5,11037
33,1577;4,17861
31,389;4,17861
33,0546;4,12365
31,3188;4,12365
7,8229;2,10636
11,1737;2,10636
8,12051;2,02352
11,462;2,02352
42,0262;3,38917
35,9684;3,38917
32,0586;3,02233
20,5507;3,02233
1,62778;3,39183
5,49215;3,39183
17,0031;2,42503
7,36143;2,42503
3,25909;2,5905
7,81808;2,5905
14,7012;4,71135
13,7965;4,71135
32,6267;3,17108
27,6369;3,17108
2,92977;2,51497
6,32793;2,51497
1,29409;3,69989
4,97116;3,69989
6,05655;2,12006
9,36414;2,12006
5,23366;2,30274
8,54409;2,30274
34,0046;3,17305
27,187;3,17305
4,8236;2,72793
8,06048;2,72793
2,98867;3,13625
6,75978;3,13625
34,1504;3,66089
31,0414;3,66089
3,93136;2,07368
7,39656;2,07368
2,99949;2,3328
6,58799;2,3328
7,25829;2,16718
10,798;2,16718
8,74486;1,9202
12,1082;1,9202
7,4105;2,13991
10,7112;2,13991
12,6348;4,60594
11,6409;4,60594
12,9886;4,67345
12,2461;4,67345
34,3601;3,42628
29,8599;3,42628
20,0791;2,46768
9,23716;2,46768
21,0723;2,47172
9,93833;2,47172
37,1612;4,07314
32,4839;4,07314
4,05948;3,98217
0,206205;3,98217
4,92548;3,93194
1,44451;3,93194
25,8077;2,60842
17,7723;2,60842
13,2784;2,30418
5,22306;2,30418
3,79479;2,08018
1,37108;2,08018
3,74099;2,05328
1,42371;2,05328
5,30431;2,09928
0,218508;2,09928
5,36825;2,08244
0,175585;2,08244
32,5003;3,49161
28,7198;3,49161
32,9064;3,6382
29,8854;3,6382
33,5172;3,41007
29,3071;3,41007
33,3855;3,31411
29,086;3,31411
55,0854;3,451
48,8451;3,451
5,63319;2,05147
0,0213002;2,05147
4,91985;2,08863
0,529695;2,08863
21,3468;2,98354
12,4432;2,98354
4,41004;2,10487
0,929687;2,10487
4,05006;2,06279
1,17564;2,06279
4,30842;2,4355
7,60548;2,4355
55,1123;3,19421
48,9572;3,19421
20,9956;3,49525
14,7193;3,49525
30,3204;3,39084
26,5248;3,39084
8,06432;2,2124
1,73148;2,2124
53,1156;3,75916
46,0585;3,75916
43,2866;3,47683
39,0574;3,47683
42,2104;4,02852
38,257;4,02852
49,5841;3,7085
44,5776;3,7085
49,8305;3,71109
45,0552;3,71109
33,5636;4,60258
32,2785;4,60258
30,954;4,8902
29,5697;4,8902
26,9446;5,23585
25,8846;5,23585
34,6012;3,86381
32,2142;3,86381
33,2566;4,1198
31,5837;4,1198
33,2223;3,99106
31,5211;3,99106
38,5791;4,49902
35,2757;4,49902
39,7434;4,48506
36,2326;4,48506
39,5021;4,41091
35,9756;4,41091
39,2911;4,38218
35,6815;4,38218
39,8092;4,32921
34,2615;4,32921
0,0680943;3,64868
3,23004;3,64868
1,33501;3,71736
1,97973;3,71736
3,69366;3,16242
7,56104;3,16242
33,7981;3,98408
29,0553;3,98408
18,005;3,41363
12,7847;3,41363
22,0763;3,43655
15,8158;3,43655
22,9078;3,51808
14,55;3,51808
18,4113;4,67303
14,731;4,67303
15,1212;4,04109
10,6974;4,04109
14,725;4,3555
11,0672;4,3555
16,2317;4,50493
12,8506;4,50493
27,7136;2,58316
15,2851;2,58316
25,339;2,64701
12,3022;2,64701
19,7848;2,47132
9,02014;2,47132
27,0147;2,66822
17,4388;2,66822
30,2882;2,801
21,0638;2,801
33,543;2,95055
25,5971;2,95055
28,0868;2,61674
14,4757;2,61674
7,4635;2,20443
1,26114;2,20443
8,59372;2,17933
2,08389;2,17933
2,28098;2,01606
2,53537;2,01606
14,5811;2,34076
5,98735;2,34076
14,7514;2,33758
6,07486;2,33758
9,04519;2,20478
2,38141;2,20478
6,79014;2,22475
1,37269;2,22475
8,11292;2,2295
1,77003;2,2295
6,97402;2,21964
2,13614;2,21964
4,73666;2,08779
0,600026;2,08779
11,829;2,43405
4,82563;2,43405
10,2869;2,2435
4,41856;2,2435
2,68956;3,40663
0,61518;3,40663
29,2786;2,83165
20,7513;2,83165
0,910402;3,10249
4,27197;3,10249
1,28765;3,34802
1,56766;3,34802
1,73675;2,97315
5,15632;2,97315
1,54021;3,01318
4,8741;3,01318
1,27472;2,8814
5,76985;2,8814
1,43211;2,88785
5,8221;2,88785
42,004;3,14155
35,9265;3,14155
35,2993;3,26842
30,2955;3,26842
49,358;3,26902
43,5378;3,26902
49,7925;3,00009
43,0342;3,00009
49,3189;2,8759
42,5668;2,8759
48,886;3,01324
42,8351;3,01324
15,3394;4,95693
16,2749;4,95693
34,0519;3,59826
30,6087;3,59826
34,4592;3,37232
31,247;3,37232
33,0332;3,79736
30,5682;3,79736
30,6382;3,12593
25,033;3,12593
33,5451;3,07581
27,4338;3,07581
33,7782;3,47564
29,8011;3,47564
5,16554;2,56765
8,32004;2,56765
13,607;2,65365
6,84998;2,65365
3,25432;2,1743
1,34846;2,1743
4,1667;2,16483
0,615297;2,16483
15,7034;2,49214
7,49994;2,49214
13,537;2,46664
6,07906;2,46664
8,81681;2,31215
3,92417;2,31215
6,92095;1,85994
9,75788;1,85994
6,41993;1,96881
9,25896;1,96881
6,38177;2,28542
9,61015;2,28542
6,59818;2,27228
9,85883;2,27228
3,45371;2,22572
7,02359;2,22572
3,07443;3,18334
6,33603;3,18334
0,466314;3,47621
2,91028;3,47621
1,12416;3,36412
4,41032;3,36412
0,344809;3,20259
3,68848;3,20259
2,9164;2,88127
6,13118;2,88127
70,9113;3,29402
59,7402;3,29402
19,4095;3,22203
12,759;3,22203
18,7321;3,139
12,0352;3,139
46,6291;3,29265
14,6447;3,29265
51,0484;2,9878
43,6577;2,9878
21,2109;2,85012
11,7204;2,85012
23,3556;3,0328
13,2676;3,0328
1,73572;2,9532
5,05638;2,9532
20,8212;3,0044
11,9488;3,0044
20,0003;3,08991
14,2041;3,08991
2,83271;2,88771
6,05049;2,88771
51,3586;3,06944
45,0076;3,06944
5,57899;2,14338
8,85728;2,14338
19,1269;2,84062
10,7395;2,84062
23,6039;2,65314
14,2041;2,65314
49,2986;3,35975
43,2982;3,35975
55,3318;3,13631
48,5465;3,13631
48,5639;2,93712
42,1081;2,93712
41,1728;3,13688
34,0017;3,13688
32,0328;2,89813
22,1644;2,89813
48,6254;3,34293
43,5447;3,34293
42,4833;3,67237
37,6365;3,67237
23,7408;2,71173
14,2623;2,71173
5,10548;3,75239
1,72803;3,75239
19,2208;2,53652
8,63741;2,53652
4,43625;2,06213
0,781123;2,06213
2,77965;2,01693
1,85222;2,01693
10,9147;2,39547
4,02993;2,39547
4,18778;2,11285
1,08609;2,11285
40,3644;2,70928
29,063;2,70928
32,431;3,92386
27,8127;3,92386
7,59451;2,38729
11,8657;2,38729
43,296;3,70718
35,6803;3,70718
49,6454;3,42497
41,3589;3,42497
70,3037;3,2753
62,1926;3,2753
31,1019;3,8498
26,07;3,8498
13,6121;3,44162
9,38897;3,44162
30,1859;5,0566
29,9317;5,0566
35,5693;4,40367
33,7393;4,40367
23,8841;5,06844
24,8343;5,06844
40,2313;3,98379
35,5827;3,98379
48,8206;3,59946
42,3836;3,59946
34,6801;3,10444
28,0603;3,10444
6,22167;2,45048
10,0398;2,45048
22,4674;2,65682
11,5024;2,65682
3,54879;2,8196
7,23468;2,8196
