39,8866;1,82413
36,9861;1,82413
28,9723;1,76602
29,2954;1,76602
13,9368;1,70008
12,0275;1,70008
21,7787;1,69996
21,4016;1,69996
26,6021;1,85076
25,2845;1,85076
27,8411;1,88128
31,6452;1,88128
27,017;1,90783
30,8495;1,90783
39,6544;1,71029
38,1757;1,71029
27,9311;1,71041
27,982;1,71041
40,0696;1,95695
40,2795;1,95695
36,8264;1,95675
37,7962;1,95675
21,9701;1,89186
23,6843;1,89186
21,5796;1,85171
20,9097;1,85171
8,14499;1,89103
7,37903;1,89103
25,8641;1,89403
24,6828;1,89403
25,2565;1,93957
23,6765;1,93957
6,55115;1,85562
4,92992;1,85562
12,8589;1,90495
10,2659;1,90495
18,1296;1,89682
16,6175;1,89682
38,6715;1,89744
38,2187;1,89744
16,7316;1,85983
14,6622;1,85983
20,9497;1,73923
20,9005;1,73923
19,5299;1,80363
20,124;1,80363
19,3256;1,73979
20,787;1,73979
33,9016;1,82542
32,9409;1,82542
30,8608;1,65387
31,3089;1,65387
69,8989;1,49646
69,4929;1,49646
18,3979;1,74563
18,1368;1,74563
21,1017;1,5979
23,388;1,5979
28,0307;1,5229
25,7418;1,5229
41,2781;1,64139
41,2603;1,64139
31,3311;1,51943
30,7509;1,51943
34,9167;1,30836
35,6787;1,30836
26,2848;1,67105
24,7939;1,67105
17,2197;1,54649
14,9985;1,54649
43,2236;1,69581
41,0588;1,69581
27,0214;1,73596
28,1204;1,73596
11,6303;1,84494
10,7522;1,84494
14,1133;1,4234
12,3807;1,4234
8,58564;1,52418
9,64114;1,52418
28,5887;1,53072
24,0719;1,53072
35,3217;1,62594
35,1711;1,62594
21,3031;1,60973
20,8022;1,60973
24,4465;1,74147
22,0776;1,74147
24,6031;1,74215
22,5451;1,74215
8,92425;1,20853
6,71133;1,20853
7,25041;1,21305
7,38954;1,21305
13,5314;1,89155
13,6757;1,89155
20,4135;1,89548
20,0105;1,89548
22,0181;1,65446
20,3913;1,65446
34,9097;1,62618
32,6279;1,62618
18,2785;1,467
14,9575;1,467
19,9547;1,46994
17,5049;1,46994
15,1875;1,38381
11,9146;1,38381
10,2369;1,44347
9,56817;1,44347
8,19029;1,41527
6,17535;1,41527
17,2762;1,41014
19,1641;1,41014
26,363;1,93199
25,0555;1,93199
33,9977;1,27441
34,2243;1,27441
35,8399;1,49213
35,3696;1,49213
35,0638;1,66001
33,3219;1,66001
37,04;1,66836
38,4356;1,66836
20,9263;1,86676
17,1805;1,86676
13,0313;1,83131
10,9309;1,83131
8,03127;1,93886
8,17109;1,93886
10,5915;1,43163
9,21854;1,43163
16,5347;1,4413
15,0763;1,4413
21,2163;1,50974
22,3035;1,50974
26,1521;1,105
23,8962;1,105
42,0409;1,09379
40,1316;1,09379
33,0157;1,21241
34,5975;1,21241
20,8696;1,59152
19,9207;1,59152
24,6019;2,02023
23,1775;2,02023
41,5575;1,81639
40,6447;1,81639
24,8516;1,88813
25,1913;1,88813
32,1346;1,62967
32,0759;1,62967
46,55;1,58622
45,5117;1,58622
5,82897;1,13677
3,49289;1,13677
57,4696;1,93249
56,393;1,93249
22,8275;1,74383
21,1663;1,74383
23,5886;1,7033
24,7255;1,7033
35,3541;1,47193
34,0156;1,47193
18,0148;1,80613
19,1273;1,80613
20,2312;1,80602
19,1353;1,80602
33,8177;1,34115
31,8276;1,34115
34,4038;1,83472
32,0745;1,83472
26,6247;1,73911
27,91;1,73911
39,555;1,89589
37,3487;1,89589
28,7103;1,64592
27,2682;1,64592
23,0833;1,35364
21,9236;1,35364
18,9023;1,22189
18,0473;1,22189
8,34629;1,22589
9,2574;1,22589
36,1622;1,8165
35,4087;1,8165
25,5392;1,81682
23,2988;1,81682
18,2502;1,62895
16,5703;1,62895
31,6619;1,63183
29,528;1,63183
31,0393;1,74249
30,2983;1,74249
21,7034;1,82123
22,7681;1,82123
40,8925;1,95044
39,0484;1,95044
32,1019;1,94993
33,2659;1,94993
31,3372;1,44089
29,1587;1,44089
22,6297;1,74338
21,9205;1,74338
27,8377;1,74338
28,8263;1,74338
38,1833;1,74406
38,4222;1,74406
46,0164;1,6515
46,1517;1,6515
51,2042;1,797
53,1715;1,797
36,1988;1,73844
33,576;1,73844
37,0454;1,90022
37,0417;1,90022
23,5979;2,03586
23,9554;2,03586
27,1517;1,93826
28,2308;1,93826
31,2739;1,74159
32,398;1,74159
27,0533;1,74103
27,4827;1,74103
30,3444;1,5528
28,3663;1,5528
22,9961;1,45884
20,6841;1,45884
8,26765;1,751
5,99718;1,751
18,2751;1,75201
19,6761;1,75201
12,8403;1,70835
14,3459;1,70835
10,4124;1,55268
9,769;1,55268
24,3337;1,66742
24,1471;1,66742
40,7737;1,81186
39,0987;1,81186
25,0373;1,94491
25,8033;1,94491
31,5992;1,94441
31,2981;1,94441
34,7497;1,16348
33,8724;1,16348
34,2085;1,16449
32,2097;1,16449
11,1855;1,28603
13,6286;1,28603
24,6772;1,29437
24,1324;1,29437
20,4138;1,80277
18,4679;1,80277
34,001;1,82499
31,2477;1,82499
27,3215;1,38579
24,8178;1,38579
11,7965;1,14107
11,1767;1,14107
18,0749;1,72726
19,0992;1,72726
19,6847;1,32589
14,7552;1,32589
32,8817;1,5819
31,0213;1,5819
35,1713;1,50142
34,5816;1,50142
42,9263;1,9437
40,5398;1,9437
41,8997;1,9437
42,8196;1,9437
26,5679;1,71669
25,0101;1,71669
23,8342;1,40834
22,03;1,40834
9,21031;1,59998
7,78878;1,59998
37,4176;1,24851
36,1948;1,24851
16,475;1,03609
16,229;1,03609
31,4303;1,48767
28,9539;1,48767
34,8136;1,4698
35,2783;1,4698
5,33705;1,46433
6,35237;1,46433
8,45196;1,81672
7,76272;1,81672
24,8723;1,4992
22,8642;1,4992
13,8868;1,38973
15,4542;1,38973
26,6227;1,39774
29,0765;1,39774
20,1834;1,68864
19,9518;1,68864
35,8879;1,54256
34,7567;1,54256
45,498;1,62124
46,572;1,62124
50,1208;1,73799
49,4924;1,73799
18,2772;1,47419
19,2821;1,47419
23,9699;1,52649
21,6441;1,52649
26,6954;1,53276
24,7183;1,53276
28,9479;1,95805
26,8823;1,95805
37,6878;1,70858
37,2427;1,70858
32,9067;1,93148
30,736;1,93148
21,3436;1,1613
19,0296;1,1613
7,84441;1,25834
6,69454;1,25834
30,8615;1,55671
28,3208;1,55671
14,9214;1,01027
14,2106;1,01027
24,9374;1,45037
21,754;1,45037
21,7311;1,52982
22,1784;1,52982
3,92085;1,44212
5,41026;1,44212
32,2911;1,59826
33,8523;1,59826
35,3473;1,43354
34,8456;1,43354
37,496;1,6118
38,172;1,6118
20,5074;1,532
20,6445;1,532
36,6265;1,83013
34,6025;1,83013
22,69;1,87158
22,6585;1,87158
23,7672;1,87273
21,3218;1,87273
9,63645;1,89558
7,60436;1,89558
9,23253;1,34552
9,62805;1,34552
26,0533;1,3493
27,2801;1,3493
37,7195;1,47909
37,2052;1,47909
41,5518;1,28801
43,3731;1,28801
23,7616;1,32027
23,2725;1,32027
28,2954;1,58979
28,667;1,58979
6,03469;1,5681
4,32883;1,5681
38,5221;1,49541
37,1039;1,49541
35,8132;1,52058
33,6463;1,52058
26,916;1,45307
28,0469;1,45307
25,6814;1,57632
26,781;1,57632
36,5384;1,81467
37,0232;1,81467
21,4593;1,8151
23,1413;1,8151
24,2885;1,89826
25,8424;1,89826
35,3659;2,41143
34,8552;2,41143
28,2151;1,82585
31,4676;1,82585
33,3084;1,82274
32,5059;1,82274
15,3864;0,960219
15,1118;0,960219
12,3134;1,03098
13,9028;1,03098
32,8341;1,36788
34,0396;1,36788
23,144;1,34407
24,9528;1,34407
23,1158;1,40137
22,786;1,40137
24,8322;1,405
26,4173;1,405
14,6927;1,60779
13,2461;1,60779
34,345;1,74428
34,3936;1,74428
45,4066;1,67771
46,987;1,67771
17,8751;1,61277
16,9355;1,61277
29,8157;1,75223
28,7717;1,75223
6,79924;1,7741
4,89511;1,7741
19,3542;1,53136
20,9224;1,53136
6,67858;1,57694
5,17677;1,57694
10,499;1,36128
12,1916;1,36128
11,2673;1,5696
11,9886;1,5696
25,2185;1,71349
23,6476;1,71349
15,2021;1,42409
14,0015;1,42409
27,3165;1,51878
28,208;1,51878
50,1185;1,29528
50,1885;1,29528
35,3809;1,78925
35,4977;1,78925
15,8349;1,59471
14,624;1,59471
32,4516;1,83994
30,4658;1,83994
50,3776;1,94883
48,6172;1,94883
10,4905;1,91223
12,7137;1,91223
31,4107;1,86792
31,3058;1,86792
19,6831;1,82981
21,4701;1,82981
33,6541;1,82574
38,3722;1,82574
20,1504;1,88398
21,8823;1,88398
6,71006;1,92224
4,8982;1,92224
38,6824;1,70789
37,0121;1,70789
38,9387;2,0715
38,9428;2,0715
21,7518;1,49462
21,4898;1,49462
21,1371;1,81747
19,1962;1,81747
61,9003;1,86173
62,5799;1,86173
38,2186;1,83781
39,6329;1,83781
24,1525;1,88679
26,2204;1,88679
97,6034;1,72907
96,9131;1,72907
26,6879;1,67105
24,1705;1,67105
32,2121;1,80775
29,8737;1,80775
20,9952;1,69316
18,7993;1,69316
29,0274;1,64568
30,5586;1,64568
24,5012;1,68841
22,5343;1,68841
37,428;1,62377
38,5188;1,62377
20,1893;1,81661
21,5417;1,81661
23,9455;1,81725
21,7898;1,81725
18,7952;1,81607
19,8441;1,81607
23,9422;1,82188
24,418;1,82188
34,4981;1,82177
35,2761;1,82177
34,2485;1,7958
32,1282;1,7958
28,0432;1,82992
29,1222;1,82992
40,7556;1,82703
39,7531;1,82703
41,2485;1,81984
39,7281;1,81984
34,8441;1,83408
32,6669;1,83408
41,3188;1,83366
40,322;1,83366
32,6484;1,74686
33,2245;1,74686
19,0428;1,74753
18,0648;1,74753
24,3917;1,82102
21,8496;1,82102
15,7481;1,82349
17,9977;1,82349
11,2048;1,85857
10,6098;1,85857
27,0362;1,82638
25,0454;1,82638
30,8157;1,83152
32,2281;1,83152
17,1375;1,8534
18,8978;1,8534
10,0469;1,87263
8,69431;1,87263
14,1797;1,88689
13,1493;1,88689
18,6039;1,91213
21,3093;1,91213
6,20695;1,88471
4,24355;1,88471
29,0801;1,92895
30,0032;1,92895
6,4278;1,93067
9,63448;1,93067
59,0899;1,78443
57,4637;1,78443
23,1461;1,82037
24,8116;1,82037
21,084;1,82638
19,0416;1,82638
11,958;1,84864
12,3655;1,84864
9,08565;1,82724
6,94836;1,82724
21,6775;1,81672
19,3966;1,81672
12,5413;1,17487
12,4277;1,17487
34,0057;1,14518
32,0065;1,14518
48,1627;1,64924
45,9693;1,64924
19,6588;1,47326
17,9509;1,47326
19,7886;1,47605
18,682;1,47605
17,0578;1,00658
18,3975;1,00658
17,3102;1,32972
18,5979;1,32972
49,8407;1,6439
51,1384;1,6439
55,3801;1,67468
55,1887;1,67468
49,8368;1,6957
48,9076;1,6957
33,8315;1,8165
30,9175;1,8165
34,1834;1,66648
32,0955;1,66648
41,5583;1,73517
40,9776;1,73517
24,0783;1,73562
25,3308;1,73562
42,7091;1,8297
41,9686;1,8297
48,8326;1,7731
46,7392;1,7731
22,3966;1,7337
23,8123;1,7337
33,847;1,79733
31,2931;1,79733
31,9836;1,69662
32,6316;1,69662
48,2432;1,2137
46,6152;1,2137
22,309;1,13021
23,8967;1,13021
3,92951;1,06036
3,5417;1,06036
21,0721;1,68598
25,8607;1,68598
22,1499;1,69281
21,6141;1,69281
42,4041;1,54002
40,0464;1,54002
42,8286;1,54358
40,3482;1,54358
21,5355;2,30146
22,2667;2,30146
13,2729;1,87064
14,5375;1,87064
47,0942;1,79231
45,3212;1,79231
61,1077;1,77949
59,605;1,77949
39,5629;1,50337
40,9455;1,50337
29,012;1,7176
29,6756;1,7176
31,7724;1,80114
32,1675;1,80114
23,8123;1,67035
22,9589;1,67035
20,1723;1,67748
19,568;1,67748
33,6822;1,85182
35,2366;1,85182
35,8353;1,80504
36,4656;1,80504
39,55;1,73855
38,6262;1,73855
19,5303;1,34261
18,2268;1,34261
38,2004;1,23242
37,9042;1,23242
30,2057;1,24819
27,7475;1,24819
18,1304;1,29664
15,8105;1,29664
7,47572;1,45562
7,70245;1,45562
10,6828;1,04568
9,05173;1,04568
10,4763;1,20528
11,8892;1,20528
54,4993;1,64163
55,3478;1,64163
37,1019;1,71817
38,7552;1,71817
31,8736;1,6135
33,4841;1,6135
17,0576;1,72101
17,3909;1,72101
32,8079;1,71578
31,0622;1,71578
37,6381;1,72295
36,5496;1,72295
11,0097;1,68551
10,472;1,68551
23,1424;1,64853
24,4333;1,64853
15,5887;1,72522
14,7071;1,72522
25,424;1,72941
26,6775;1,72941
35,4001;1,73167
35,1737;1,73167
34,2144;1,73212
34,5781;1,73212
31,7684;1,50948
33,2578;1,50948
32,6794;1,51543
30,277;1,51543
22,9626;1,43545
21,0509;1,43545
13,6758;1,58881
12,3071;1,58881
25,4015;1,55154
23,9751;1,55154
19,84;1,25023
21,304;1,25023
33,9646;1,62702
32,0171;1,62702
23,4582;1,53519
22,3966;1,53519
30,3092;1,62257
30,0654;1,62257
24,9884;1,56173
22,5391;1,56173
37,0723;1,57122
36,5783;1,57122
36,3033;1,62064
36,8447;1,62064
28,7906;1,6755
29,003;1,6755
27,8077;1,55091
29,4386;1,55091
27,626;1,36415
25,1341;1,36415
30,4655;1,53417
28,6038;1,53417
26,6571;1,43518
27,2097;1,43518
32,62;1,63315
33,2353;1,63315
5,5196;1,64187
4,80518;1,64187
12,9617;1,51414
10,8641;1,51414
47,1548;1,51711
47,1898;1,51711
18,4281;1,6034
16,3547;1,6034
32,6524;1,58152
30,1074;1,58152
26,8354;1,40109
27,9475;1,40109
41,2997;1,11012
42,4768;1,11012
30,3915;1,44415
32,0343;1,44415
10,1547;1,43722
10,0264;1,43722
6,78378;1,86729
8,49644;1,86729
27,9779;1,78443
26,2165;1,78443
25,0006;1,84366
23,2012;1,84366
37,5924;1,79078
39,0005;1,79078
22,4305;1,44821
20,9413;1,44821
5,02527;1,42051
3,16972;1,42051
20,1027;1,63327
19,2595;1,63327
40,8522;1,6439
40,7104;1,6439
7,74807;1,80418
5,55747;1,80418
7,63285;1,72737
5,50849;1,72737
24,2491;1,73336
23,3623;1,73336
7,10286;1,78838
9,53295;1,78838
22,808;1,56448
21,8976;1,56448
19,8023;1,5499
22,0944;1,5499
24,4209;1,75469
25,0363;1,75469
22,2501;1,88388
21,9158;1,88388
6,22296;1,85962
7,77642;1,85962
27,3922;1,54231
27,0542;1,54231
15,5623;1,47909
16,1095;1,47909
20,0159;1,74652
19,3746;1,74652
8,77528;1,79395
9,47984;1,79395
22,3142;1,82724
22,2733;1,82724
17,4607;1,50909
16,4025;1,50909
24,7437;1,28877
23,3621;1,28877
21,7412;1,44537
23,415;1,44537
29,6769;1,36959
28,295;1,36959
31,7841;1,42889
31,8388;1,42889
32,8618;1,20268
32,0851;1,20268
28,4953;1,22397
27,8767;1,22397
36,0738;1,21933
34,5;1,21933
13,0131;1,55532
12,8473;1,55532
21,4719;1,35075
19,83;1,35075
5,46618;1,49122
3,84271;1,49122
24,1854;1,57682
26,0412;1,57682
3,28181;1,5691
4,70816;1,5691
17,4722;1,73314
15,5405;1,73314
30,5454;1,57694
28,4708;1,57694
17,013;1,48977
16,9583;1,48977
21,2502;1,48662
19,6219;1,48662
31,9387;1,51955
29,4043;1,51955
30,8782;1,52058
28,4369;1,52058
22,6961;1,45629
22,9885;1,45629
28,6203;1,53212
29,8541;1,53212
50,7175;1,34959
50,1005;1,34959
34,8017;1,39606
36,2173;1,39606
24,9089;1,55997
26,5996;1,55997
60,8915;1,68888
60,8268;1,68888
30,7765;1,0438
30,7115;1,0438
21,3471;1,07502
22,8677;1,07502
15,8971;1,07956
15,7828;1,07956
30,7651;1,09647
29,3142;1,09647
24,7187;1,08083
24,1542;1,08083
3,80875;1,17703
2,34147;1,17703
3,30173;1,11978
0,904224;1,11978
6,68845;1,28968
4,27697;1,28968
13,7452;1,11259
11,7845;1,11259
13,7227;1,0376
11,3993;1,0376
16,0195;1,17786
13,6852;1,17786
19,3833;1,27672
17,0465;1,27672
29,7843;1,28253
28,8669;1,28253
14,917;1,20561
16,4476;1,20561
17,8814;1,23575
15,7339;1,23575
43,835;1,27472
42,1536;1,27472
20,0355;1,36988
18,153;1,36988
34,6736;1,2977
34,1459;1,2977
14,3624;1,8819
11,9865;1,8819
42,5175;1,7863
41,4626;1,7863
44,9512;1,82606
45,0766;1,82606
23,8803;1,85139
21,5888;1,85139
22,5563;1,58078
23,5751;1,58078
8,14725;1,8312
6,26118;1,8312
8,41958;1,83504
9,42677;1,83504
4,70445;1,90536
5,9833;1,90536
5,69788;1,86886
4,86005;1,86886
14,644;1,74462
14,8399;1,74462
15,6096;1,91714
13,3372;1,91714
35,126;1,69639
32,6142;1,69639
8,96871;1,83941
6,82362;1,83941
13,9849;1,74361
14,4175;1,74361
79,5098;1,72147
80,3459;1,72147
71,8442;1,72476
71,8204;1,72476
13,9494;1,37857
15,4441;1,37857
22,2167;1,86141
21,2451;1,86141
17,8602;1,8534
18,7404;1,8534
35,3219;1,23448
35,1596;1,23448
17,939;1,24537
15,8159;1,24537
24,5181;1,82853
25,146;1,82853
2,65108;1,11785
0,608895;1,11785
6,5871;1,85456
6,37048;1,85456
20,8289;1,80363
22,5041;1,80363
22,5012;1,84387
21,509;1,84387
21,3232;1,55444
19,409;1,55444
33,6604;1,81607
31,433;1,81607
11,9437;1,74136
12,7434;1,74136
23,5632;1,82327
24,6336;1,82327
23,0042;1,88637
23,1123;1,88637
7,6216;1,89093
8,59764;1,89093
5,55424;1,89207
7,28634;1,89207
19,4647;1,83771
18,1276;1,83771
42,3502;1,83952
44,9831;1,83952
15,9234;1,82134
14,0295;1,82134
29,9662;1,8208
31,4485;1,8208
22,4644;1,84949
22,0326;1,84949
18,6963;1,8179
20,163;1,8179
22,1648;1,85129
21,484;1,85129
39,3783;1,77343
37,8536;1,77343
39,552;1,772
39,5212;1,772
22,1306;1,81035
22,7652;1,81035
55,1154;1,57545
54,3419;1,57545
24,2436;1,82059
21,912;1,82059
19,0303;1,82005
17,3138;1,82005
9,43288;1,04867
8,73108;1,04867
21,9895;0,972168
23,1557;0,972168
27,2029;0,791794
27,8792;0,791794
19,9595;1,48648
17,9997;1,48648
49,7054;1,69835
48,5551;1,69835
21,0553;1,74484
22,63;1,74484
13,5814;1,23701
14,727;1,23701
14,322;1,25819
13,2091;1,25819
19,7103;1,16012
17,7833;1,16012
17,5598;1,31403
15,1618;1,31403
16,8259;1,18812
14,5137;1,18812
4,69802;1,25351
5,25083;1,25351
6,22649;1,24757
4,13457;1,24757
5,55987;1,20723
4,74405;1,20723
12,9408;1,14569
10,7797;1,14569
1,32814;1,07447
1,66378;1,07447
2,82886;1,10748
0,493272;1,10748
26,8989;1,80905
25,8076;1,80905
17,3144;1,73235
17,5111;1,73235
23,3706;1,7337
24,1198;1,7337
27,1072;1,73224
24,7021;1,73224
26,3228;1,73461
29,538;1,73461
24,5328;1,60413
22,799;1,60413
27,3401;1,6107
28,7007;1,6107
33,0837;1,59422
30,6101;1,59422
23,6475;1,59937
24,0464;1,59937
27,8336;1,50961
27,6995;1,50961
62,2482;1,49318
61,8646;1,49318
41,8183;1,51181
39,4616;1,51181
55,9742;1,50974
55,5648;1,50974
33,5712;1,52161
31,398;1,52161
30,44;1,43053
27,8779;1,43053
30,151;1,51711
27,7666;1,51711
6,61802;1,63554
4,44325;1,63554
7,42605;1,51981
6,31513;1,51981
49,9209;1,11698
47,5051;1,11698
6,34256;1,77949
4,2019;1,77949
20,0251;1,7763
21,4563;1,7763
19,9532;1,67608
18,1459;1,67608
24,0732;1,68528
23,2037;1,68528
20,4229;1,71269
18,0944;1,71269
22,5099;1,80678
23,8853;1,80678
16,1724;1,76436
13,8031;1,76436
4,59138;1,76735
6,32313;1,76735
33,3582;1,68074
30,9798;1,68074
6,39213;1,7922
4,20409;1,7922
6,34121;1,80255
4,18301;1,80255
5,01566;1,35465
3,00407;1,35465
34,8989;1,10606
33,4884;1,10606
7,41628;1,46954
5,31097;1,46954
23,3462;1,44942
23,7325;1,44942
35,8287;1,45777
38,0695;1,45777
29,4845;1,40361
26,9927;1,40361
30,9797;1,43545
28,4314;1,43545
31,4103;1,44699
28,8974;1,44699
18,2052;1,52521
14,8423;1,52521
17,0541;1,4413
14,5337;1,4413
23,4765;1,36358
24,7511;1,36358
16,0725;1,48227
18,0016;1,48227
47,9094;1,60888
48,8306;1,60888
46,8396;1,47206
46,492;1,47206
4,23664;1,26579
3,31077;1,26579
4,04652;1,05313
2,85181;1,05313
3,18093;1,1175
0,817754;1,1175
4,49441;1,19714
2,17283;1,19714
11,7866;1,05999
9,92449;1,05999
16,832;1,26965
15,5504;1,26965
14,0934;1,92874
13,0459;1,92874
22,4638;1,80948
21,3194;1,80948
29,6855;1,95725
26,9586;1,95725
5,40839;1,91591
6,17704;1,91591
5,40776;1,88876
4,82416;1,88876
4,84041;1,92214
4,2815;1,92214
4,88664;1,96394
4,33277;1,96394
6,20626;1,88429
6,22693;1,88429
26,7778;1,73878
24,1463;1,73878
20,93;1,74484
18,8047;1,74484
20,3206;1,74484
18,2553;1,74484
26,4002;1,73675
24,0643;1,73675
26,1109;1,73765
23,7208;1,73765
32,6574;1,83462
29,9122;1,83462
25,0381;1,74428
22,5037;1,74428
24,4925;1,74451
21,998;1,74451
35,4567;1,6101
33,0693;1,6101
27,4624;1,82413
24,9138;1,82413
30,7697;1,48385
28,15;1,48385
33,1944;1,95074
30,5278;1,95074
17,9973;1,3535
16,5618;1,3535
26,7549;1,82446
23,8269;1,82446
26,3646;1,83013
23,5162;1,83013
25,8438;1,74406
22,8762;1,74406
20,0699;1,4505
17,2029;1,4505
4,57721;1,48002
4,02684;1,48002
25,5746;1,74237
22,8617;1,74237
31,771;1,70502
30,0763;1,70502
31,6617;1,62702
29,8687;1,62702
30,216;1,73416
28,1986;1,73416
30,0537;1,64068
27,7967;1,64068
13,4716;1,82735
12,5907;1,82735
13,4972;1,82606
12,6098;1,82606
5,4407;1,90063
4,85524;1,90063
6,05897;1,89558
5,44556;1,89558
6,24701;1,91428
5,66507;1,91428
19,708;1,89383
20,2848;1,89383
34,1075;1,80602
31,9598;1,80602
6,29095;1,2496
4,86657;1,2496
4,25806;1,40611
3,68743;1,40611
4,33774;1,4638
3,7721;1,4638
22,9124;1,54218
21,1695;1,54218
24,7405;1,7399
23,7666;1,7399
25,0956;1,73945
22,912;1,73945
6,19211;1,89217
5,60354;1,89217
6,19391;1,89165
5,60593;1,89165
19,1965;1,81812
18,2026;1,81812
12,7767;1,8151
11,8519;1,8151
15,783;1,19419
14,5994;1,19419
14,4857;1,12117
13,4129;1,12117
6,9882;1,31418
5,72251;1,31418
22,4323;1,5238
19,7225;1,5238
23,1049;1,52918
20,6317;1,52918
22,5918;1,532
19,9062;1,532
31,5992;1,52495
30,9478;1,52495
6,0937;1,50298
5,52661;1,50298
31,4599;1,4853
29,3416;1,4853
6,61631;1,44456
6,01911;1,44456
8,16846;1,82628
7,55687;1,82628
8,17322;1,83387
7,56009;1,83387
8,17055;1,8296
7,55819;1,8296
7,57395;1,92722
6,97307;1,92722
7,42338;1,71235
6,83417;1,71235
20,1344;1,67771
19,0987;1,67771
23,567;1,50402
19,5553;1,50402
4,8593;1,76879
4,31395;1,76879
5,53017;1,81768
4,97123;1,81768
31,7585;1,599
29,8008;1,599
32,1135;1,61143
30,2503;1,61143
32,4291;1,60693
30,6037;1,60693
6,59632;1,42684
5,99692;1,42684
5,23311;1,48438
4,66581;1,48438
5,22482;1,47193
4,65752;1,47193
5,2304;1,41748
4,66893;1,41748
4,92172;1,48147
4,32984;1,48147
19,3958;4,94973
17,7435;4,94973
28,9479;1,39339
25,2445;1,39339
28,9251;1,48306
25,5543;1,48306
27,6056;1,29815
23,5957;1,29815
20,201;1,46954
17,5432;1,46954
31,6165;1,7018
31,0065;1,7018
22,495;1,45562
19,8975;1,45562
22,8887;1,52957
20,4432;1,52957
15,3888;1,11188
14,3157;1,11188
16,3174;1,24866
14,915;1,24866
28,6176;1,95805
26,0246;1,95805
9,005;1,85836
8,32493;1,85836
26,7767;1,73731
24,5167;1,73731
18,7581;1,63111
17,787;1,63111
18,7423;1,6187
17,7709;1,6187
6,6854;1,49829
6,1032;1,49829
18,6143;1,63339
17,5689;1,63339
27,4955;1,82177
24,822;1,82177
27,0178;1,82263
24,2532;1,82263
31,2343;1,58696
29,3996;1,58696
17,8704;1,23035
15,5361;1,23035
20,0454;1,33998
18,6285;1,33998
17,9026;1,2839
15,9156;1,2839
43,4584;1,66448
41,3267;1,66448
14,4808;1,9435
13,5767;1,9435
15,1086;1,14722
14,1285;1,14722
30,5093;1,61265
28,6935;1,61265
22,7984;1,52918
19,9095;1,52918
11,1298;1,06716
10,2881;1,06716
12,0755;1,0857
11,2068;1,0857
31,1431;1,5523
29,0209;1,5523
32,0319;1,56198
30,0122;1,56198
6,84867;1,72907
17,7811;1,72907
4,56583;1,46807
4,01519;1,46807
4,56236;1,4575
4,01218;1,4575
6,82528;1,716
6,25713;1,716
20,2372;1,53442
19,1992;1,53442
31,5718;1,53735
30,7429;1,53735
30,4958;1,4379
27,9058;1,4379
30,8319;1,53697
28,4441;1,53697
30,7957;1,44089
28,2995;1,44089
29,3454;1,55972
27,1559;1,55972
29,5365;1,56748
27,4156;1,56748
19,6894;1,47485
16,0293;1,47485
18,0742;1,25928
15,0099;1,25928
4,70532;1,11557
4,35623;1,11557
49,4663;1,68841
47,2916;1,68841
49,771;1,68864
47,6098;1,68864
45,4665;1,65197
43,3132;1,65197
49,3353;1,66554
47,1309;1,66554
25,6701;1,73889
23,3287;1,73889
25,1467;1,74069
22,7176;1,74069
11,1263;1,04922
10,2879;1,04922
11,0346;0,984966
10,212;0,984966
30,5207;1,59643
28,2546;1,59643
12,1694;1,07429
11,2812;1,07429
11,3141;1,097
10,431;1,097
5,42218;1,56373
4,86931;1,56373
19,3929;1,93168
18,2904;1,93168
30,4874;1,51698
28,2293;1,51698
25,4585;1,66483
22,9158;1,66483
25,8308;1,74013
23,3966;1,74013
24,9882;1,74147
22,5366;1,74147
12,044;1,10394
11,1886;1,10394
47,7357;1,8097
45,5573;1,8097
32,8048;1,46687
30,2812;1,46687
37,2771;1,76713
35,436;1,76713
45,8441;1,72215
43,7995;1,72215
43,9382;1,73224
41,9296;1,73224
46,3587;1,75625
44,3304;1,75625
22,9583;1,71475
20,8983;1,71475
22,2923;1,73551
20,2135;1,73551
22,1701;1,73686
20,0919;1,73686
22,392;1,72317
21,2716;1,72317
22,1337;1,72578
20,1873;1,72578
33,3447;1,68528
31,4744;1,68528
31,2631;1,79504
29,4416;1,79504
30,1864;1,81078
28,1471;1,81078
29,1767;1,73246
26,9398;1,73246
31,4641;1,73122
29,9597;1,73122
31,4473;1,60144
29,7725;1,60144
24,658;1,63542
22,4647;1,63542
25,02;1,66225
22,9949;1,66225
31,5314;1,73348
29,752;1,73348
33,196;1,73167
31,4015;1,73167
31,0539;1,72703
29,1167;1,72703
32,548;1,70697
30,9361;1,70697
32,0743;1,71224
30,3619;1,71224
30,5613;1,75067
28,6131;1,75067
22,7829;1,81833
19,8848;1,81833
23,9178;1,82231
20,9262;1,82231
22,8771;1,82048
19,9258;1,82048
15,1741;1,70995
13,4791;1,70995
20,2243;1,80569
17,8156;1,80569
16,9961;1,79689
14,9371;1,79689
16,8788;1,88637
14,804;1,88637
15,3007;1,91632
13,9268;1,91632
15,1138;1,81391
13,7825;1,81391
16,3901;1,8137
14,7106;1,8137
16,5558;1,81337
14,8352;1,81337
13,5163;1,78663
12,3907;1,78663
14,0416;1,797
12,8143;1,797
13,476;1,7863
12,3616;1,7863
13,4436;1,79406
12,3736;1,79406
32,5378;1,8343
29,768;1,8343
33,6573;1,83568
30,9787;1,83568
32,8368;1,8359
30,0474;1,8359
30,71;1,8376
27,8599;1,8376
32,9226;1,83696
30,1447;1,83696
31,2318;1,82156
28,4091;1,82156
16,4977;1,75122
14,2551;1,75122
15,6282;1,75078
13,4595;1,75078
10,8499;1,74249
10,0156;1,74249
10,6483;1,74192
8,93262;1,74192
16,2632;1,75178
14,2575;1,75178
27,9353;1,82596
25,3658;1,82596
20,7148;1,74451
17,8206;1,74451
9,06763;1,94108
8,39909;1,94108
8,91984;1,82037
8,26023;1,82037
5,14581;1,85266
4,54101;1,85266
7,48501;1,83899
6,87638;1,83899
6,17647;1,89331
5,58228;1,89331
17,3112;1,81056
16,3877;1,81056
4,88907;1,91765
4,33561;1,91765
5,60554;2,00105
5,03307;2,00105
4,78995;1,94803
4,23038;1,94803
33,4749;1,69973
31,1752;1,69973
33,6882;1,69628
31,2832;1,69628
32,2796;1,69628
30,3277;1,69628
32,5359;1,69581
30,4756;1,69581
33,9927;1,69616
31,5157;1,69616
23,3599;1,82467
21,8741;1,82467
22,1168;1,71292
20,9283;1,71292
23,1712;1,59434
21,9166;1,59434
21,1487;1,81812
20,0596;1,81812
23,4127;1,70972
22,2126;1,70972
25,302;1,95214
23,8032;1,95214
19,5902;1,83312
18,5882;1,83312
21,0679;1,84345
19,9872;1,84345
21,1784;1,84748
20,0929;1,84748
29,3242;1,42766
28,048;1,42766
7,07723;1,60267
6,38352;1,60267
7,41856;1,7898
6,71843;1,7898
6,6003;1,7568
5,92037;1,7568
9,05314;1,84748
8,3518;1,84748
8,23773;1,83259
7,54396;1,83259
9,86331;1,83526
9,1276;1,83526
13,0394;1,91918
12,0616;1,91918
11,654;1,77078
10,827;1,77078
10,754;1,80699
9,97021;1,80699
12,2777;1,72476
11,4724;1,72476
13,6867;1,84334
12,8036;1,84334
12,5143;1,78794
11,6611;1,78794
27,2419;1,8207
25,1888;1,8207
13,1858;1,70203
12,3477;1,70203
14,4871;1,9441
13,5967;1,9441
13,3598;1,85044
12,5372;1,85044
15,5982;1,94561
14,6756;1,94561
13,4593;1,83184
12,6086;1,83184
12,4996;1,79885
11,6751;1,79885
12,4969;1,79722
11,6709;1,79722
13,5181;1,8237
12,6509;1,8237
18,0006;1,2983
16,2698;1,2983
16,5476;1,26764
15,3626;1,26764
15,5203;1,18416
13,8323;1,18416
16,8955;1,1955
14,9966;1,1955
17,5209;1,39409
15,8198;1,39409
22,2882;1,3493
18,8289;1,3493
25,7513;1,39283
21,8007;1,39283
17,3005;1,28481
16,1851;1,28481
17,151;1,25476
16,1029;1,25476
17,6719;1,32884
16,3879;1,32884
12,2729;1,11768
11,3576;1,11768
15,2682;1,1613
14,2431;1,1613
13,7814;1,16668
12,9197;1,16668
13,0127;1,08751
12,1358;1,08751
10,9207;0,978388
10,1272;0,978388
15,8189;1,21483
14,8912;1,21483
13,9039;1,07082
13,9897;1,07082
9,93103;1,40207
7,08082;1,40207
5,80743;1,27733
4,09745;1,27733
21,8782;1,27855
18,2708;1,27855
2,21806;1,13263
1,31924;1,13263
1,34495;1,06991
1,1677;1,06991
1,66221;1,09217
0,829681;1,09217
2,44169;1,12204
1,42334;1,12204
4,29768;1,21015
2,91735;1,21015
3,68392;1,13298
3,00902;1,13298
3,10935;1,07228
2,98134;1,07228
1,88711;1,10606
1,10647;1,10606
2,66454;1,18267
1,82212;1,18267
1,92563;1,06643
1,13859;1,06643
4,16447;1,12657
3,3913;1,12657
34,794;1,49135
32,0519;1,49135
29,227;1,7627
26,7062;1,7627
29,8379;1,73709
27,1955;1,73709
44,1225;1,5861
41,9166;1,5861
43,1819;1,60547
40,8834;1,60547
43,6817;1,70686
41,6304;1,70686
49,4456;1,68423
47,2661;1,68423
43,4883;1,67047
41,3703;1,67047
44,2222;1,67012
42,1811;1,67012
26,6158;1,54662
22,6125;1,54662
41,709;1,45764
38,7211;1,45764
41,5257;1,47658
38,5678;1,47658
42,5589;1,5229
40,1469;1,5229
27,9628;1,3535
24,8004;1,3535
24,135;1,54674
22,0767;1,54674
31,2981;1,6062
29,6479;1,6062
31,4727;1,50792
29,3233;1,50792
32,3071;1,63231
30,5194;1,63231
32,5398;1,65209
30,8177;1,65209
16,9928;1,48306
13,8471;1,48306
20,5521;1,49266
17,0863;1,49266
21,7466;1,50285
19,7016;1,50285
22,795;1,5193
20,3853;1,5193
20,005;1,47658
17,1199;1,47658
29,3219;1,4571
26,3796;1,4571
31,4147;1,55306
29,2338;1,55306
29,6035;1,40249
26,6347;1,40249
5,32787;1,66976
4,75678;1,66976
4,80406;1,62714
4,26437;1,62714
4,94971;1,80385
4,40979;1,80385
4,93571;1,8359
4,39113;1,8359
4,75464;1,59973
4,21254;1,59973
4,97933;1,54611
4,38141;1,54611
5,18278;1,56611
4,60463;1,56611
18,1267;1,378
17,1547;1,378
20,6914;1,42985
19,595;1,42985
5,4291;1,59912
4,87113;1,59912
4,62753;1,50623
4,07802;1,50623
4,73476;1,60157
4,18876;1,60157
4,69284;1,53901
4,14742;1,53901
6,11133;1,54383
5,54721;1,54383
11,8574;1,19943
11,0603;1,19943
12,85;1,15589
12,018;1,15589
12,8514;1,18002
12,0201;1,18002
13,8242;1,30011
12,9656;1,30011
14,7495;1,20496
14,9101;1,20496
4,41179;1,41624
3,85487;1,41624
5,04576;1,28039
5,10096;1,28039
5,10252;1,31834
4,53249;1,31834
4,62838;1,45737
4,65571;1,45737
4,5064;1,43804
3,94745;1,43804
4,60508;1,51465
4,05502;1,51465
5,22186;1,43817
4,65623;1,43817
4,59477;1,56198
4,03929;1,56198
6,56623;1,40207
5,96869;1,40207
6,58191;1,42999
5,97837;1,42999
4,84022;1,72442
4,86947;1,72442
5,55032;1,85203
4,9913;1,85203
6,10771;1,80255
6,12822;1,80255
6,88076;1,81208
6,31144;1,81208
6,24664;1,77321
5,68875;1,77321
6,81832;1,70261
6,25204;1,70261
6,94234;1,92203
6,96829;1,92203
5,55792;1,67631
5,0157;1,67631
6,25937;1,76214
5,70525;1,76214
5,56866;1,85551
5,00887;1,85551
64,7385;1,71498
61,9141;1,71498
20,1372;1,68133
19,1013;1,68133
20,6866;1,78422
19,6407;1,78422
38,8285;1,74361
19,2544;1,74361
18,8905;1,57408
19,3138;1,57408
20,2345;1,69038
19,1732;1,69038
6,24884;1,71897
6,24985;1,71897
7,43759;1,67351
6,84447;1,67351
7,418;1,63996
6,82557;1,63996
6,20484;1,65883
5,65148;1,65883
20,3423;1,61653
19,3089;1,61653
5,55756;1,66307
5,01617;1,66307
45,3096;1,72181
43,0303;1,72181
20,8043;1,30985
19,6877;1,30985
20,5398;1,24159
19,4772;1,24159
4,73365;1,43149
4,12521;1,43149
5,16949;1,6001
4,58512;1,6001
27,4216;1,35017
23,6715;1,35017
18,6661;1,44767
15,7187;1,44767
43,4539;1,52007
40,9384;1,52007
42,6992;1,57097
40,212;1,57097
41,3657;1,46914
38,5164;1,46914
24,7818;1,5211
20,629;1,5211
32,8643;1,50792
29,3135;1,50792
58,2162;1,52431
55,6296;1,52431
42,8194;1,69766
40,8378;1,69766
36,4365;1,68098
34,444;1,68098
2,49935;1,11698
2,24627;1,11698
16,4786;1,21354
14,0592;1,21354
5,07062;1,28953
3,53405;1,28953
17,0686;1,23146
16,0583;1,23146
12,9397;1,12987
12,0795;1,12987
13,0012;1,59998
13,0769;1,59998
24,2653;1,81865
22,7277;1,81865
9,90309;1,75067
9,11539;1,75067
12,6961;1,79896
11,8371;1,79896
13,1846;1,59545
12,3243;1,59545
12,7934;1,81467
11,8646;1,81467
12,5899;1,78487
11,7153;1,78487
12,6954;1,80472
11,8098;1,80472
5,28696;1,89878
4,66874;1,89878
5,14986;1,8251
4,52743;1,8251
5,25295;1,8592
4,64968;1,8592
8,94786;1,74507
8,22392;1,74507
9,90971;1,80743
9,1505;1,80743
6,6396;1,79624
5,9632;1,79624
64,2062;1,73528
61,3979;1,73528
48,6212;1,90814
61,8926;1,90814
23,3502;1,85477
22,0669;1,85477
8,5625;2,18534
8,64775;2,18534
17,3329;1,81575
16,4061;1,81575
5,12938;1,85361
4,5261;1,85361
4,64035;1,90834
4,07028;1,90834
6,48603;2,09434
5,87819;2,09434
4,58802;1,8931
4,00665;1,8931
16,2514;1,85667
15,3567;1,85667
27,7578;1,81973
25,3853;1,81973
18,5847;1,74876
16,5701;1,74876
22,3949;1,74619
19,8632;1,74619
14,9879;1,80309
12,9233;1,80309
10,5843;1,73607
8,7442;1,73607
30,374;1,8297
27,5446;1,8297
14,2228;1,78487
12,9187;1,78487
13,787;1,6995
12,6176;1,6995
13,9412;1,8871
12,776;1,8871
15,2414;1,81359
13,876;1,81359
31,4271;1,69061
29,6034;1,69061
32,8147;1,80439
30,8444;1,80439
31,2755;1,72079
29,0782;1,72079
31,0206;1,76912
29,3321;1,76912
30,8973;1,79231
28,9995;1,79231
32,8591;1,79798
30,9358;1,79798
28,2671;1,79722
26,5454;1,79722
44,4131;1,75145
42,4459;1,75145
32,7899;1,82349
29,8882;1,82349
37,6316;1,78103
35,7619;1,78103
43,0828;1,71281
41,1364;1,71281
26,8556;1,82692
23,8582;1,82692
14,9642;1,74753
12,6564;1,74753
15,289;1,81056
12,9891;1,81056
26,0688;1,53913
24,156;1,53913
5,7396;1,68992
5,10957;1,68992
4,66856;1,5437
4,0439;1,5437
20,666;1,44076
19,5714;1,44076
25,5291;2,20682
23,0071;2,20682
37,7644;1,58585
36,3528;1,58585
52,952;1,56548
51,7627;1,56548
21,723;1,5061
20,5922;1,5061
47,6848;1,42711
46,2411;1,42711
35,8056;1,42354
33,7393;1,42354
22,2089;2,1743
21,3202;2,1743
26,6489;2,35218
26,2771;2,35218
31,3438;2,16952
30,7357;2,16952
26,7149;1,64948
24,8571;1,64948
12,8871;2,37116
12,5454;2,37116
27,9882;1,51051
28,0632;1,51051
27,5193;1,57247
26,4553;1,57247
79,6349;0,807698
78,2577;0,807698
66,9297;0,589171
67,3022;0,589171
34,8034;1,88979
32,9575;1,88979
29,5003;0,606518
28,8857;0,606518
42,2596;0,609415
42,6985;0,609415
42,0445;0,604579
42,3033;0,604579
25,874;0,690688
26,1096;0,690688
27,3875;1,33266
25,1707;1,33266
11,4531;1,93906
11,8701;1,93906
58,1116;1,38536
59,0369;1,38536
20,7855;0,867504
21,5569;0,867504
27,1242;1,50922
25,3871;1,50922
20,353;1,50999
19,1629;1,50999
38,9538;0,593473
38,4722;0,593473
10,5916;0,294751
9,34289;0,294751
16,2938;2,18865
15,5972;2,18865
26,081;1,98741
24,5415;1,98741
22,0958;1,80613
21,3639;1,80613
65,7194;0,911716
66,0233;0,911716
26,1885;0,676953
26,187;0,676953
25,2015;0,682996
23,6962;0,682996
8,94821;1,06643
9,01762;1,06643
13,611;1,5122
11,4623;1,5122
35,7803;1,51284
32,4363;1,51284
13,2393;1,34828
13,0026;1,34828
19,592;1,9885
17,532;1,9885
20,2792;1,70961
20,8321;1,70961
24,6939;0,503189
24,7531;0,503189
13,7501;1,96583
12,5131;1,96583
21,1442;1,14055
20,0561;1,14055
11,048;0,432054
9,58138;0,432054
16,2515;0,323247
15,951;0,323247
31,5155;0,617706
28,9438;0,617706
19,3838;2,04947
17,6942;2,04947
22,6969;2,01858
22,0024;2,01858
17,4074;0,862981
16,8803;0,862981
61,9413;0,601008
61,6125;0,601008
21,9667;1,78059
21,6655;1,78059
36,9293;1,66154
35,576;1,66154
18,8515;1,9714
16,4533;1,9714
18,0742;2,13808
16,1747;2,13808
26,031;1,51814
25,144;1,51814
27,2707;0,401538
26,9273;0,401538
27,4327;1,90454
27,9033;1,90454
38,5328;1,90207
40,1517;1,90207
31,5145;1,55129
32,6596;1,55129
16,9006;1,4575
17,9329;1,4575
14,1985;1,85625
12,9671;1,85625
14,8668;1,80048
15,7652;1,80048
40,3933;0,596105
39,8525;0,596105
22,3093;0,356083
21,9599;0,356083
15,6922;1,50961
15,5831;1,50961
33,9192;0,632729
34,5385;0,632729
20,8775;0,400563
21,1648;0,400563
29,5529;1,4975
30,8275;1,4975
36,3857;1,31611
36,5741;1,31611
43,9138;1,50701
42,2711;1,50701
12,6148;1,65422
14,0147;1,65422
24,3564;1,65351
24,2966;1,65351
15,4883;1,46219
15,4237;1,46219
13,9433;1,50441
14,1367;1,50441
28,6056;2,04009
26,3441;2,04009
25,94;2,2926
24,1701;2,2926
20,7255;2,32271
20,0666;2,32271
18,7894;1,50792
17,2241;1,50792
39,4079;1,3733
38,0865;1,3733
21,1105;1,46674
19,3403;1,46674
16,0855;1,56573
14,2997;1,56573
25,3759;1,96413
25,5076;1,96413
11,7615;1,51968
11,8261;1,51968
20,9061;1,38169
19,7308;1,38169
21,889;0,589503
22,5992;0,589503
10,8739;0,614849
9,33586;0,614849
28,0159;1,63159
28,4383;1,63159
19,9203;1,37572
19,8121;1,37572
32,9332;0,631181
33,0877;0,631181
23,8857;0,542486
24,6047;0,542486
13,6876;1,77167
13,6277;1,77167
41,1924;1,97912
38,744;1,97912
10,2725;0,281855
9,86996;0,281855
9,4272;0,402512
8,98532;0,402512
20,1157;0,814213
20,7202;0,814213
20,6878;1,0496
21,4767;1,0496
43,8643;1,96334
42,7065;1,96334
31,6402;1,97358
30,152;1,97358
12,6341;1,55545
12,0116;1,55545
17,1176;1,48885
17,237;1,48885
25,892;0,932512
24,2156;0,932512
20,58;0,48376
19,9448;0,48376
22,8626;1,49305
21,7262;1,49305
20,0017;1,42161
17,5003;1,42161
33,6207;1,74518
32,2802;1,74518
38,7248;1,341
40,0496;1,341
49,4154;1,33764
50,3941;1,33764
27,448;1,21901
28,5367;1,21901
33,9959;1,0668
35,1722;1,0668
18,5115;1,04755
18,266;1,04755
27,8106;0,820199
27,2222;0,820199
27,384;0,504354
27,9096;0,504354
24,9421;0,612936
25,5309;0,612936
24,9139;0,376385
24,4348;0,376385
21,1872;0,437007
20,8036;0,437007
22,5601;0,707759
23,0481;0,707759
29,9255;0,951416
30,1326;0,951416
30,2461;1,29604
28,5413;1,29604
26,1129;2,06393
26,6453;2,06393
21,2285;1,77189
22,7422;1,77189
19,1091;1,4478
19,5784;1,4478
16,7128;1,4043
15,7528;1,4043
35,5449;0,576412
34,9419;0,576412
11,6984;1,55922
11,5683;1,55922
18,0866;1,26918
17,0683;1,26918
11,8748;1,62702
11,9991;1,62702
17,1318;1,62546
14,9182;1,62546
40,4277;0,34605
37,5771;0,34605
21,7663;0,660864
21,7546;0,660864
24,1911;0,532658
23,762;0,532658
24,9161;1,4567
23,6863;1,4567
40,3526;1,5701
40,4838;1,5701
13,8338;1,0848
13,8409;1,0848
29,3431;1,60925
27,6209;1,60925
28,0288;1,60315
29,4654;1,60315
30,2766;2,23625
29,2235;2,23625
24,5013;2,01897
23,782;2,01897
23,8774;2,58536
21,9965;2,58536
21,8951;0,358274
22,2418;0,358274
36,5743;0,357727
35,8688;0,357727
39,1014;0,435213
38,2943;0,435213
12,1738;1,5009
11,143;1,5009
40,6397;1,58486
39,4249;1,58486
21,9812;2,04373
22,2982;2,04373
30,9329;2,13277
28,8238;2,13277
26,841;2,3461
25,897;2,3461
42,7308;0,859118
40,5157;0,859118
24,3844;1,99331
23,4906;1,99331
46,319;2,05652
45,7576;2,05652
24,2295;0,65132
21,4495;0,65132
23,2509;0,444554
22,7017;0,444554
25,1093;0,448498
22,897;0,448498
29,4258;0,667346
24,7723;0,667346
13,4638;1,57905
13,3047;1,57905
27,3652;1,5936
26,4798;1,5936
20,2464;1,51878
18,2015;1,51878
26,0864;0,820199
26,7793;0,820199
11,9359;1,59643
11,0462;1,59643
44,4824;1,01914
44,9101;1,01914
40,9262;0,816133
41,0976;0,816133
21,5605;0,560928
21,5418;0,560928
42,2651;1,06257
41,8148;1,06257
32,5644;1,0679
32,2146;1,0679
9,35368;0,510524
9,04037;0,510524
30,9696;1,63446
29,319;1,63446
39,8851;1,04418
40,2143;1,04418
15,8575;2,17367
14,0676;2,17367
12,8544;1,99988
11,2139;1,99988
12,2334;2,3108
11,4937;2,3108
12,2814;2,18507
11,6596;2,18507
10,2381;1,13798
9,27899;1,13798
28,653;0,852257
26,3417;0,852257
43,507;0,749127
43,3765;0,749127
52,1236;1,56561
50,1744;1,56561
45,1381;1,50324
45,4623;1,50324
22,9438;0,490189
22,2487;0,490189
23,0159;0,63025
22,6235;0,63025
41,6008;0,765662
42,017;0,765662
30,6866;1,50597
29,6654;1,50597
11,6217;1,52046
11,6799;1,52046
30,0397;1,55821
29,3972;1,55821
42,3989;0,972168
42,7323;0,972168
39,8659;1,25632
40,836;1,25632
29,5661;1,26331
30,495;1,26331
16,3021;1,45023
16,2285;1,45023
29,8176;0,777329
27,8225;0,777329
58,4092;1,28998
58,4839;1,28998
38,6635;0,923657
38,8573;0,923657
13,9794;1,40221
12,3723;1,40221
37,9922;1,22796
38,7604;1,22796
14,7604;1,4626
13,5063;1,4626
39,2673;0,813011
38,7639;0,813011
20,335;0,8796
20,1764;0,8796
41,5737;1,69581
40,9311;1,69581
47,2468;1,41236
47,2245;1,41236
34,5272;1,46326
35,7645;1,46326
19,9235;1,5211
20,9603;1,5211
46,0845;1,53926
43,7858;1,53926
33,6913;1,51194
35,2124;1,51194
23,6397;2,00145
23,6341;2,00145
7,4008;1,72249
7,26474;1,72249
19,3572;1,5122
20,3018;1,5122
20,2685;1,57022
18,7155;1,57022
34,7443;2,09602
34,2964;2,09602
20,5348;1,46139
21,4074;1,46139
30,4847;2,11581
29,3392;2,11581
21,5246;2,00242
19,5539;2,00242
18,2731;2,3619
16,9373;2,3619
17,8108;2,28627
17,4044;2,28627
16,5756;2,33322
16,0503;2,33322
24,1775;2,16582
25,0028;2,16582
20,693;2,05833
21,2228;2,05833
13,8632;2,03076
14,2015;2,03076
78,9151;1,03552
79,8898;1,03552
36,2619;0,692951
35,0672;0,692951
28,2993;1,06183
24,7873;1,06183
12,8577;2,19062
12,8181;2,19062
32,2956;1,84292
30,2923;1,84292
28,0228;1,73416
27,3672;1,73416
46,4695;0,244694
46,7683;0,244694
29,7225;1,6567
28,9716;1,6567
24,3481;1,4125
23,4561;1,4125
12,2364;2,06317
11,2365;2,06317
46,4315;0,56023
46,4581;0,56023
33,2643;2,05586
32,0571;2,05586
17,0969;2,14165
15,8265;2,14165
112,488;1,35552
105,909;1,35552
58,7235;1,31328
59,6359;1,31328
14,2594;1,76636
14,0167;1,76636
30,1137;1,42629
27,7327;1,42629
34,1652;1,42354
32,2516;1,42354
13,2409;1,22205
12,2126;1,22205
35,855;2,06554
35,7291;2,06554
43,6582;0,464781
43,6417;0,464781
22,7769;0,427043
22,7449;0,427043
23,9813;0,64407
22,0222;0,64407
32,7337;0,798684
31,9514;0,798684
18,4879;0,498108
19,0816;0,498108
19,7411;0,614531
19,3905;0,614531
17,7371;0,48618
18,3365;0,48618
11,4982;0,516999
11,1481;0,516999
50,2571;0,622125
46,7206;0,622125
21,2182;0,869081
20,911;0,869081
24,1183;0,916852
22,1108;0,916852
12,5809;1,38225
11,1251;1,38225
12,3158;1,51594
12,1495;1,51594
16,1169;1,73088
15,9712;1,73088
21,5922;0,503578
22,1758;0,503578
27,3538;0,503966
27,0383;0,503966
24,3346;0,641635
22,8352;0,641635
35,4803;0,680125
33,2443;0,680125
21,1556;0,463516
20,9492;0,463516
44,9776;0,610377
42,7309;0,610377
35,9438;0,48939
35,3443;0,48939
12,6914;1,72192
11,0237;1,72192
11,2298;1,77872
11,5451;1,77872
20,2812;1,18085
20,189;1,18085
27,5507;1,05053
26,928;1,05053
12,2909;1,53875
11,4361;1,53875
21,608;0,476834
21,142;0,476834
22,4729;1,00697
20,5326;1,00697
10,9666;1,49933
10,5007;1,49933
11,9673;1,51077
11,6077;1,51077
14,4651;2,06298
15,0152;2,06298
14,9226;1,56673
14,3333;1,56673
12,0618;1,55821
11,1122;1,55821
13,8067;1,8071
11,8996;1,8071
20,0577;1,71703
17,5337;1,71703
42,5555;0,28324
42,8274;0,28324
38,5049;1,23749
39,5821;1,23749
27,4132;1,38621
28,0905;1,38621
24,1014;1,97823
21,8895;1,97823
20,8866;1,95054
19,9981;1,95054
13,0025;2,06346
12,1299;2,06346
15,1407;1,12535
14,7377;1,12535
27,9921;2,10924
26,7006;2,10924
20,9485;1,62003
19,9118;1,62003
13,9208;1,29724
13,5567;1,29724
26,4857;0,99229
24,4561;0,99229
11,8932;1,6158
11,5455;1,6158
29,8147;1,5671
29,003;1,5671
13,0942;1,77056
12,7408;1,77056
21,3772;1,5494
20,3142;1,5494
15,4793;1,6957
14,7909;1,6957
20,3444;0,380007
20,0308;0,380007
27,1364;0,58584
25,7717;0,58584
22,6179;0,505517
23,2102;0,505517
9,26429;1,04642
9,09379;1,04642
13,1422;1,05332
14,1611;1,05332
20,5894;0,595448
20,4909;0,595448
24,7024;0,566828
25,1744;0,566828
19,415;1,08191
18,0099;1,08191
13,3723;0,669688
13,2135;0,669688
52,7849;0,906766
52,652;0,906766
22,1228;0,668518
21,5884;0,668518
9,95727;0,351659
8,5416;0,351659
9,0939;0,275536
8,91717;0,275536
8,84906;0,439686
8,57382;0,439686
26,7229;0,49218
27,5672;0,49218
8,31341;0,35277
9,36218;0,35277
16,9623;0,451108
17,546;0,451108
21,9866;0,507834
21,9581;0,507834
10,0191;0,513581
8,71023;0,513581
21,4205;0,770502
19,8651;0,770502
24,5106;0,651621
21,1251;0,651621
22,204;0,33862
21,7702;0,33862
21,8275;0,348305
22,2349;0,348305
34,9787;0,803813
32,9603;0,803813
21,8333;0,35718
22,323;0,35718
22,5191;0,659382
21,7857;0,659382
23,5359;0,558481
21,575;0,558481
29,8788;1,74932
28,0142;1,74932
18,2196;2,16745
17,1959;2,16745
15,7432;2,27193
14,8284;2,27193
12,4971;2,12357
11,0426;2,12357
12,4913;2,10961
11,0387;2,10961
13,9818;1,97189
12,4659;1,97189
12,1726;2,25307
11,3665;2,25307
12,6487;1,81132
11,1489;1,81132
12,6795;2,13909
11,1935;2,13909
18,2901;1,57172
16,93;1,57172
12,3949;1,8222
11,7185;1,8222
36,6667;1,38154
36,0641;1,38154
14,478;1,7958
13,5485;1,7958
27,2286;1,21772
26,6563;1,21772
12,1801;1,8819
10,7526;1,8819
12,7825;2,53567
11,3401;2,53567
47,8753;0,681275
46,6881;0,681275
27,1281;1,21949
26,5767;1,21949
23,5378;0,503966
21,5705;0,503966
14,1792;2,2124
12,5821;2,2124
14,1312;2,14576
12,5388;2,14576
17,588;1,39423
17,0496;1,39423
17,6379;1,39704
16,3095;1,39704
19,8159;1,45858
19,2653;1,45858
19,9392;1,45831
18,3888;1,45831
18,2627;1,67187
16,9299;1,67187
18,2869;1,67035
16,9521;1,67035
12,9723;2,07717
11,4662;2,07717
13,0753;2,36918
11,5721;2,36918
15,5991;1,7064
14,4496;1,7064
15,6369;1,7491
14,499;1,7491
27,8524;1,3733
25,9551;1,3733
27,8778;1,57868
25,9905;1,57868
27,7736;1,5856
25,8897;1,5856
17,3262;2,13084
15,4689;2,13084
68,2993;1,6045
63,1155;1,6045
10,9222;1,0438
10,1285;1,0438
22,0472;0,400563
21,2676;0,400563
8,92993;0,411645
8,54858;0,411645
36,6553;1,22205
36,0094;1,22205
14,9948;1,75535
14,5895;1,75535
15,0143;1,75312
14,6083;1,75312
20,5701;1,16617
20,0677;1,16617
15,1802;1,60596
14,0834;1,60596
18,9995;1,51724
18,4793;1,51724
26,5643;1,75055
25,077;1,75055
22,5108;0,487386
21,7507;0,487386
23,5955;0,675506
21,6861;0,675506
8,91646;0,635506
8,01287;0,635506
8,93268;0,654916
8,02358;0,654916
10,731;0,900269
9,76812;0,900269
9,47114;0,328649
8,51672;0,328649
9,46005;0,279065
8,50721;0,279065
18,962;1,32663
18,3838;1,32663
18,3273;1,39297
16,9262;1,39297
20,7178;0,765662
19,9739;0,765662
20,5216;0,771517
19,8026;0,771517
22,3965;0,477654
20,5133;0,477654
22,2783;0,496928
21,4766;0,496928
21,3387;0,402025
20,5672;0,402025
13,2982;1,62534
11,6454;1,62534
12,2903;2,0443
10,858;2,0443
12,2918;2,0297
10,86;2,0297
25,4635;1,34857
25,0267;1,34857
25,4673;1,59704
25,0394;1,59704
25,453;1,57619
25,0471;1,57619
13,0478;1,77729
11,5531;1,77729
12,1294;1,87419
10,7102;1,87419
20,9048;0,794508
19,1046;0,794508
12,1348;1,943
10,723;1,943
12,2132;2,01567
10,79;2,01567
12,1027;1,64936
11,158;1,64936
13,7169;1,09896
18,2855;1,09896
18,7035;1,105
18,2197;1,105
13,3888;1,47127
12,4224;1,47127
21,5344;0,429783
20,7502;0,429783
21,6004;0,441905
19,8018;0,441905
22,3987;0,420579
21,5761;0,420579
22,3919;0,508989
20,5084;0,508989
10,9447;0,772024
9,69026;0,772024
10,4;0,759503
9,86218;0,759503
10,7101;0,988536
9,40854;0,988536
21,4383;0,750692
20,6937;0,750692
40,6115;0,882931
39,5307;0,882931
40,5708;0,884702
39,493;0,884702
10,2128;0,33455
9,8081;0,33455
8,86054;0,397621
8,48989;0,397621
19,0124;0,544645
17,4331;0,544645
23,2352;0,401538
22,4354;0,401538
23,3128;0,387149
22,5074;0,387149
23,1781;0,407344
22,3812;0,407344
19,8825;2,04794
18,5612;2,04794
19,883;1,89517
18,5484;1,89517
30,4158;1,58449
28,5928;1,58449
30,2348;1,56885
28,4115;1,56885
12,6131;2,13533
11,1389;2,13533
11,897;2,23195
10,5197;2,23195
11,9111;2,20868
10,5296;2,20868
12,9354;2,13322
11,4361;2,13322
17,6349;1,50948
16,33;1,50948
16,9424;1,5035
16,4403;1,5035
12,8494;1,81327
12,0942;1,81327
28,3001;1,32486
27,6562;1,32486
16,3469;1,56648
15,104;1,56648
15,7295;1,60766
14,5725;1,60766
15,6692;1,609
14,5097;1,609
25,8712;1,74955
24,3458;1,74955
12,6757;2,00076
11,1983;2,00076
20,5668;0,930622
19,8682;0,930622
20,5674;0,872676
19,8563;0,872676
24,2171;0,800642
23,4354;0,800642
20,8769;1,02029
20,2009;1,02029
24,2453;0,739134
23,4605;0,739134
20,8966;1,0245
20,2207;1,0245
20,0005;1,893
18,7066;1,893
14,7199;1,55846
14,2859;1,55846
14,7219;1,55997
13,6258;1,55997
19,7619;1,46032
19,2195;1,46032
19,7701;1,57595
19,2517;1,57595
12,6007;2,23055
11,1385;2,23055
12,8911;1,73765
11,3795;1,73765
13,0051;1,84058
11,484;1,84058
23,8889;0,62244
21,9147;0,62244
23,8144;0,608772
21,8437;0,608772
22,3829;0,426585
21,6475;0,426585
29,2805;0,535954
28,3386;0,535954
12,033;1,59225
11,0977;1,59225
12,0029;1,46994
11,074;1,46994
11,7811;1,5557
10,8904;1,5557
22,631;0,496928
20,7576;0,496928
11,448;1,07082
10,3414;1,07082
11,5245;1,14995
10,4695;1,14995
21,6122;0,366908
19,8132;0,366908
13,441;1,48042
12,4626;1,48042
12,1765;2,1232
10,7753;2,1232
12,1758;2,10403
10,7758;2,10403
14,3897;1,6854
12,7828;1,6854
14,4155;2,0035
16,9178;2,0035
13,7717;1,94592
12,2594;1,94592
22,3289;0,503578
21,5879;0,503578
11,6795;1,7741
10,8261;1,7741
30,0599;0,503578
27,7008;0,503578
12,209;2,03288
10,781;2,03288
12,21;1,95955
10,7781;1,95955
13,4728;1,14569
12,4974;1,14569
12,3692;1,48517
10,8384;1,48517
12,3134;1,63183
10,7945;1,63183
12,7148;1,4941
11,1094;1,4941
11,8899;1,44618
10,9984;1,44618
23,1743;0,388158
21,2208;0,388158
22,1202;0,431147
21,349;0,431147
10,8085;1,03022
9,51285;1,03022
11,3893;1,06312
10,194;1,06312
11,5789;1,20464
10,4843;1,20464
22,8339;0,991106
22,0824;0,991106
22,0363;0,610698
21,2498;0,610698
19,8338;0,551784
19,1624;0,551784
22,5455;0,493768
21,7656;0,493768
22,5139;0,472298
21,7306;0,472298
15,9281;2,15749
14,1742;2,15749
16,6272;1,97179
14,8415;1,97179
25,7062;1,51258
25,3533;1,51258
19,0824;1,51504
17,6312;1,51504
13,2778;1,4432
11,684;1,4432
20,9067;1,96144
19,7104;1,96144
18,936;0,585172
18,2946;0,585172
19,8896;0,58584
18,2113;0,58584
20,6064;0,528971
19,8499;0,528971
21,5407;0,463938
20,7532;0,463938
11,7867;1,56548
10,8935;1,56548
11,7851;1,63027
10,8865;1,63027
13,0488;1,84313
11,5583;1,84313
27,2048;1,21836
26,6376;1,21836
21,3862;0,586508
20,5937;0,586508
21,3496;0,495351
20,5894;0,495351
21,4556;0,425206
20,6764;0,425206
18,9462;0,47354
18,2845;0,47354
15,6346;1,50727
15,1621;1,50727
18,9759;0,520018
18,321;0,520018
21,7764;0,831572
20,0176;0,831572
20,8505;0,829687
20,1469;0,829687
21,8163;1,06716
20,0763;1,06716
12,183;1,53824
11,264;1,53824
12,1699;1,59569
11,2499;1,59569
47,8545;0,801619
46,6671;0,801619
47,8676;0,801374
46,6795;0,801374
48,0052;0,784844
46,7891;0,784844
16,3343;1,5557
15,097;1,5557
16,244;1,45131
15,7466;1,45131
16,2701;1,50727
15,7841;1,50727
15,6343;1,50818
15,1619;1,50818
20,767;0,478881
19,9935;0,478881
19,767;0,426126
19,0303;0,426126
19,7781;0,605872
19,1199;0,605872
20,8172;0,592153
19,0415;0,592153
45,9654;1,13004
45,1193;1,13004
30,5517;1,03041
29,683;1,03041
43,0342;1,04042
39,4538;1,04042
40,5992;0,920261
39,561;0,920261
12,1695;1,68272
11,8477;1,68272
23,5587;1,01972
22,8191;1,01972
19,9163;1,39241
18,345;1,39241
16,6297;1,48121
15,4177;1,48121
24,1924;0,794015
22,1815;0,794015
20,7919;0,87581
20,0681;0,87581
21,3743;0,864793
20,6457;0,864793
20,9962;0,969346
20,3165;0,969346
21,0368;1,67351
19,4582;1,67351
21,8036;1,62702
20,2749;1,62702
20,2886;1,93087
18,8772;1,93087
20,5205;1,97159
20,1463;1,97159
19,6335;1,93432
18,2958;1,93432
19,5807;2,00037
18,2863;2,00037
28,3683;1,37002
27,7374;1,37002
20,8584;1,62955
20,3588;1,62955
29,577;1,37771
28,935;1,37771
29,7568;1,37159
27,6162;1,37159
29,5694;1,5048
29,0181;1,5048
31,0473;1,50636
28,9946;1,50636
29,6707;1,49606
29,1506;1,49606
12,5373;1,95845
11,7903;1,95845
12,1014;1,82295
11,7924;1,82295
12,2157;1,92803
11,9658;1,92803
19,7053;1,40416
19,1485;1,40416
19,7913;1,45777
19,2391;1,45777
19,008;1,5701
18,5037;1,5701
14,9353;2,11702
14,0232;2,11702
13,4735;2,01003
11,9586;2,01003
14,0023;2,01062
13,1336;2,01062
13,0941;2,34201
11,5863;2,34201
11,8023;2,23581
10,4434;2,23581
14,3;2,18418
12,6874;2,18418
12,0453;1,75959
10,6117;1,75959
29,8043;1,43504
27,9278;1,43504
36,87;1,37842
36,3562;1,37842
36,6581;1,37885
36,0504;1,37885
45,7665;1,28359
44,9543;1,28359
29,7385;1,4223
27,8313;1,4223
27,9931;1,63518
26,1173;1,63518
30,1143;1,48688
28,3034;1,48688
30,3449;1,5793
28,5224;1,5793
26,4254;1,70008
24,9109;1,70008
27,8006;2,0298
25,966;2,0298
37,3375;1,32589
34,7857;1,32589
15,1866;2,30885
13,5607;2,30885
15,1557;2,39792
13,543;2,39792
16,2629;2,16229
15,2868;2,16229
16,4696;2,20904
14,672;2,20904
19,0304;1,91285
17,7862;1,91285
19,0258;2,07895
17,9195;2,07895
20,001;2,02758
17,8297;2,02758
18,2707;2,17142
16,3883;2,17142
19,6052;2,06573
18,4335;2,06573
20,4619;2,04086
18,1847;2,04086
20,1354;5,47121
18,817;5,47121
30,8888;1,52071
28,9192;1,52071
20,0231;2,08272
18,7294;2,08272
21,0261;1,96184
19,8362;1,96184
22,2087;1,97269
19,9284;1,97269
19,7875;1,8653
19,5697;1,8653
23,2454;0,44279
22,4551;0,44279
23,1186;0,560928
22,3606;0,560928
22,5391;0,50629
21,762;0,50629
22,4697;0,739134
21,7291;0,739134
22,2364;0,441462
21,446;0,441462
23,9154;0,627138
21,9397;0,627138
19,826;0,497715
19,1445;0,497715
19,9063;0,548583
18,2192;0,548583
20,8216;0,526747
19,0326;0,526747
22,5362;0,486583
21,762;0,486583
22,6224;0,541402
21,8748;0,541402
21,4593;0,872452
20,8485;0,872452
20,6188;0,664408
19,9803;0,664408
23,4374;0,935027
22,7757;0,935027
21,5403;0,738075
20,8218;0,738075
9,32363;0,552847
8,41459;0,552847
9,28688;0,568207
8,91043;0,568207
21,524;0,33455
20,7204;0,33455
21,6258;0,315899
20,8162;0,315899
8,88925;0,430238
8,51472;0,430238
8,99429;0,442348
8,04277;0,442348
8,91894;0,530818
8,5386;0,530818
8,92609;0,62495
8,54677;0,62495
8,91188;0,492975
8,53399;0,492975
8,8624;0,386137
8,4916;0,386137
8,8779;0,356083
8,50368;0,356083
9,38638;0,321425
8,45822;0,321425
9,51735;0,351102
8,54535;0,351102
9,46611;0,297394
8,51151;0,297394
10,7622;0,318981
9,81325;0,318981
22,4629;0,654617
20,6106;0,654617
41,0036;0,611658
39,8683;0,611658
47,8517;0,801619
46,6643;0,801619
22,3632;0,640414
21,6189;0,640414
41,5784;0,934818
40,4743;0,934818
41,385;0,79623
40,3371;0,79623
30,0798;0,547512
29,1782;0,547512
12,0183;1,18101
10,996;1,18101
21,3358;0,576412
20,5682;0,576412
20,6737;0,641635
19,9609;0,641635
11,2458;1,08372
10,501;1,08372
11,429;0,970758
10,1654;0,970758
10,6538;1,02793
9,8374;1,02793
22,4291;0,292083
21,6133;0,292083
20,7219;0,339197
19,9594;0,339197
21,4178;0,447624
20,641;0,447624
22,0077;0,420579
21,2303;0,420579
12,4044;1,79994
10,8918;1,79994
11,6015;1,69789
10,7658;1,69789
11,5769;1,79297
10,7518;1,79297
12,7445;1,57259
11,7684;1,57259
11,8962;1,63458
10,9998;1,63458
25,8041;1,23226
23,8869;1,23226
26,6788;1,2348
24,8641;1,2348
12,1936;1,51865
11,2776;1,51865
11,6972;1,57768
10,8234;1,57768
12,6706;1,51891
11,7169;1,51891
19,5851;1,06753
19,0709;1,06753
19,5678;0,948739
19,0278;0,948739
20,5934;0,929359
18,9455;0,929359
20,6373;0,964895
19,0036;0,964895
22,3478;0,964692
21,7294;0,964692
12,4348;1,25897
11,4522;1,25897
11,7078;1,55066
10,8312;1,55066
13,5206;1,15589
12,5353;1,15589
13,5357;1,49161
12,5362;1,49161
12,2811;1,90012
10,8435;1,90012
13,0055;1,89919
12,1134;1,89919
13,0276;2,08882
12,1914;2,08882
13,0326;1,82831
12,1841;1,82831
11,5365;1,79961
10,7178;1,79961
12,1347;1,84175
10,7166;1,84175
68,401;1,36816
63,2225;1,36816
27,512;1,51388
25,6029;1,51388
27,736;1,48213
25,8271;1,48213
26,9991;1,35826
25,0707;1,35826
12,5148;1,63423
11,6049;1,63423
13,7359;1,66695
12,7844;1,66695
12,5024;1,68354
11,6193;1,68354
27,4094;1,28466
25,3691;1,28466
27,6608;1,56436
27,2431;1,56436
13,7669;1,84674
12,1773;1,84674
12,2929;1,42642
11,3506;1,42642
13,4191;1,47671
12,4458;1,47671
17,893;1,23622
17,4548;1,23622
28,4719;0,973576
26,1132;0,973576
21,5222;0,359365
20,7231;0,359365
10,1091;0,915998
8,77235;0,915998
9,49328;0,825194
8,47133;0,825194
41,2063;0,75873
40,0803;0,75873
39,5344;0,735951
38,427;0,735951
22,3289;0,504354
21,5855;0,504354
30,2447;0,706929
27,8621;0,706929
59,9707;0,768213
58,6564;0,768213
38,8285;0,502021
37,7578;0,502021
9,36668;0,481733
8,4462;0,481733
8,43088;0,562322
8,04991;0,562322
8,87236;0,646496
7,98627;0,646496
24,4376;0,816373
23,7063;0,816373
19,7334;0,847884
18,137;0,847884
20,7346;0,840932
19,0067;0,840932
18,0884;0,51129
17,4386;0,51129
22,5309;0,513581
21,733;0,513581
19,798;1,86057
19,5403;1,86057
19,8785;2,04975
18,6943;2,04975
13,1059;2,39996
11,5777;2,39996
12,8911;1,67304
11,3276;1,67304
17,972;2,17187
16,9734;2,17187
37,5827;1,67012
34,9765;1,67012
27,4234;1,24175
25,5101;1,24175
43,8213;1,3653
40,6668;1,3653
67,8576;1,08984
66,7467;1,08984
29,1631;1,66636
27,3263;1,66636
14,3811;1,34392
12,6352;1,34392
24,352;1,70226
22,8891;1,70226
13,6991;2,21435
12,0813;2,21435
12,2885;2,29422
10,2492;2,29422
23,1383;1,81693
21,7936;1,81693
16,1814;1,56848
15,7104;1,56848
12,2175;1,81327
11,9375;1,81327
14,5393;1,60547
14,1143;1,60547
12,319;1,77376
11,6284;1,77376
16,9222;1,65977
15,6191;1,65977
18,3219;1,66554
16,9838;1,66554
19,7043;1,92559
18,3577;1,92559
19,7586;1,8768
18,4013;1,8768
20,9461;1,62293
20,4484;1,62293
19,0716;1,2681
18,4765;1,2681
21,7044;1,20772
20,0448;1,20772
19,041;1,1103
18,4102;1,1103
15,8792;1,48964
14,7245;1,48964
40,8256;1,03665
39,7855;1,03665
31,8483;1,30056
31,238;1,30056
31,9641;1,32264
31,3143;1,32264
39,0525;1,33662
36,191;1,33662
31,9701;1,2921
31,3143;1,2921
17,6827;1,20772
17,0991;1,20772
24,8319;1,54345
24,2975;1,54345
14,5124;1,94048
13,4496;1,94048
23,1471;0,471884
21,1927;0,471884
13,6204;1,7741
11,9143;1,7741
27,9605;1,17819
27,2813;1,17819
2,80182;1,77233
2,82612;1,77233
21,7811;1,83952
21,9007;1,83952
26,4034;0,570955
22,0988;0,570955
4,50031;0,836031
4,37702;0,836031
45,7358;0,905686
45,8084;0,905686
12,36;1,35638
10,8055;1,35638
6,99323;2,04794
6,24443;2,04794
1,77866;1,72816
1,32031;1,72816
18,8915;0,608129
19,0686;0,608129
2,25942;0,65132
1,84943;0,65132
6,31208;0,366908
6,6975;0,366908
8,49442;0,775312
8,02214;0,775312
19,9612;1,87753
18,9034;1,87753
24,1455;0,431601
20,752;0,431601
10,1974;1,60827
9,1692;1,60827
3,03176;1,62269
1,9433;1,62269
26,4762;1,89558
26,1712;1,89558
1,47166;2,04574
0,728324;2,04574
18,9668;1,67725
19,1382;1,67725
2,88559;0,458423
1,6146;0,458423
16,9358;0,460976
16,0365;0,460976
9,0437;0,942531
7,8454;0,942531
25,6353;0,844415
23,7263;0,844415
3,17524;1,98899
4,67488;1,98899
10,5097;1,59557
9,27067;1,59557
21,2762;0,373253
19,8565;0,373253
14,8071;1,42038
13,0789;1,42038
11,4579;1,68423
11,5012;1,68423
10,5942;0,870881
12,5109;0,870881
20,9724;0,605226
21,1456;0,605226
14,4299;1,7041
14,5223;1,7041
13,1214;1,76359
15,2862;1,76359
25,4246;1,75156
27,4684;1,75156
11,4321;1,89176
10,4572;1,89176
3,04288;1,68702
1,89649;1,68702
15,0122;1,68609
13,8246;1,68609
13,046;1,51181
12,794;1,51181
7,88568;0,789815
5,36775;0,789815
15,0881;0,794508
16,0969;0,794508
9,38302;0,837434
9,27895;0,837434
9,20106;0,912359
8,47043;0,912359
70,6871;1,43953
72,5975;1,43953
80,4048;1,4474
81,9817;1,4474
5,07858;0,751995
1,46748;0,751995
40,4867;0,610377
39,0297;0,610377
1,60905;1,82113
2,31685;1,82113
18,6809;0,625576
18,7731;0,625576
6,6048;1,9258
8,4782;1,9258
15,6873;1,92793
15,5362;1,92793
23,3778;1,93442
22,3918;1,93442
21,6874;1,31135
24,6277;1,31135
20,7387;1,60193
19,8329;1,60193
2,34204;1,67736
2,38927;1,67736
12,1405;1,08101
13,0863;1,08101
2,65923;0,67782
0,340608;0,67782
3,02273;0,657897
1,9446;0,657897
3,98686;0,661752
1,46992;0,661752
10,6432;1,43953
9,42141;1,43953
1,30788;1,47684
2,37165;1,47684
0,0906394;1,37216
0,730077;1,37216
6,10904;1,57818
6,32862;1,57818
8,55741;1,57022
8,89117;1,57022
5,25918;1,32293
6,11799;1,32293
12,6873;1,12553
13,5149;1,12553
1,50323;1,23828
2,71763;1,23828
10,3222;1,108
8,1966;1,108
21,9548;0,789815
21,107;0,789815
12,8652;0,637351
11,0582;0,637351
3,25198;1,76625
5,09832;1,76625
2,28561;1,16483
2,12814;1,16483
8,33895;1,55972
8,85412;1,55972
8,67497;1,56686
8,46799;1,56686
4,83833;1,80016
4,82327;1,80016
4,17853;1,7276
4,30842;1,7276
22,6788;1,8721
22,5473;1,8721
14,3236;1,04568
13,3228;1,04568
12,6873;1,76791
13,9496;1,76791
2,41962;1,31462
3,1494;1,31462
0,250216;1,23606
0,348956;1,23606
11,4288;1,97526
11,2362;1,97526
3,16106;1,97724
3,39182;1,97724
11,8818;1,59508
9,79564;1,59508
13,2115;1,5979
11,0959;1,5979
28,6403;1,47153
30,896;1,47153
27,705;1,8871
28,0725;1,8871
2,89612;1,7176
1,47939;1,7176
1,29561;1,16146
2,51845;1,16146
24,4178;1,28512
24,0081;1,28512
0,23204;1,15199
1,53258;1,15199
10,6026;0,929359
10,4503;0,929359
10,7417;1,67993
11,1304;1,67993
24,6081;0,515483
25,2306;0,515483
24,8348;1,53544
25,9983;1,53544
51,0647;1,83088
48,4361;1,83088
51,1333;1,56135
51,1717;1,56135
13,0881;1,317
14,6103;1,317
15,0132;1,32086
16,2682;1,32086
16,618;1,45347
15,6902;1,45347
15,1557;0,976787
14,4137;0,976787
14,2183;1,33647
11,9308;1,33647
11,4927;1,45683
11,9785;1,45683
5,52764;1,75457
3,53331;1,75457
0,206719;1,19845
0,0668312;1,19845
33,1173;0,905254
33,3647;0,905254
33,0243;0,4673
32,0756;0,4673
7,08476;1,70846
7,2275;1,70846
3,72216;0,662343
2,30709;0,662343
3,2286;1,30521
2,3457;1,30521
0,0137542;1,57669
1,30524;1,57669
22,08;1,00386
22,0023;1,00386
8,80609;0,98814
8,65526;0,98814
13,2119;0,447624
15,1865;0,447624
18,7198;1,21772
17,0528;1,21772
37,7055;1,27871
37,2948;1,27871
24,5377;0,500068
25,2123;0,500068
36,8048;1,471
35,7535;1,471
40,3602;1,51659
39,0809;1,51659
15,8638;1,71338
18,1192;1,71338
8,99147;1,62534
7,7334;1,62534
3,3234;1,77531
2,68375;1,77531
11,9875;1,75502
11,9096;1,75502
11,7258;1,4379
10,9747;1,4379
5,89486;0,697174
7,73965;0,697174
33,5026;0,852028
32,935;0,852028
8,96184;0,950799
9,78444;0,950799
0,214463;0,941284
0,582165;0,941284
14,5271;1,81391
13,9103;1,81391
41,3626;1,00988
41,6918;1,00988
15,0421;0,813011
15,6793;0,813011
10,2256;1,083
7,49392;1,083
12,1898;1,08858
10,9044;1,08858
31,7498;0,704711
32,2785;0,704711
17,6262;0,744147
16,9633;0,744147
2,85532;0,650418
2,35042;0,650418
41,1083;0,817092
38,8267;0,817092
31,1673;0,888454
32,2076;0,888454
15,298;0,828743
15,4368;0,828743
8,59126;2,10794
8,81993;2,10794
32,0564;2,06298
31,7065;2,06298
14,4827;1,19387
13,3841;1,19387
2,22249;1,51465
2,83284;1,51465
10,2566;1,84737
9,35394;1,84737
12,186;1,85393
11,7073;1,85393
18,465;0,694362
19,8354;0,694362
5,27814;0,681562
5,94971;0,681562
0,427082;1,95815
0,232871;1,95815
46,2815;1,9437
46,6775;1,9437
18,9626;1,99528
18,8348;1,99528
3,06126;2,19241
2,43127;2,19241
21,4496;1,68818
22,6103;1,68818
16,7266;1,82231
17,2398;1,82231
8,41212;1,88242
8,6599;1,88242
12,1007;1,48174
11,1183;1,48174
53,2808;0,688134
53,2766;0,688134
1,61342;1,50766
1,1538;1,50766
18,2935;1,5856
19,4384;1,5856
36,638;1,59274
36,4504;1,59274
6,56783;1,53238
8,66844;1,53238
15,0379;1,50922
13,1095;1,50922
9,45719;1,34668
9,57221;1,34668
2,22036;1,21466
0,708777;1,21466
1,98298;1,81682
3,03797;1,81682
18,2533;0,443232
18,5859;0,443232
13,5556;1,66236
13,0241;1,66236
11,3336;0,961645
10,4644;0,961645
8,70945;1,89196
8,71553;1,89196
9,38461;0,940244
7,98909;0,940244
11,3751;1,2427
10,2046;1,2427
28,7932;1,90074
26,5913;1,90074
8,25824;1,17919
9,93526;1,17919
12,8868;0,507063
13,9301;0,507063
8,15591;0,665879
8,55235;0,665879
26,1082;0,72145
23,6443;0,72145
1,41467;1,89093
0,670366;1,89093
2,12855;0,610377
1,67394;0,610377
9,87072;0,336882
10,0347;0,336882
9,84374;2,07283
10,3287;2,07283
10,0826;2,00301
10,0945;2,00301
10,8559;0,555319
11,1573;0,555319
11,161;1,92366
11,3197;1,92366
15,3531;0,592153
16,3565;0,592153
2,89927;1,31418
2,71149;1,31418
28,9345;1,39479
28,4547;1,39479
3,05182;1,38296
2,88091;1,38296
12,9992;1,55532
11,9642;1,55532
15,1244;1,63841
14,1965;1,63841
1,76046;1,18234
3,0464;1,18234
4,77966;1,15182
3,6099;1,15182
26,5001;0,893724
24,5388;0,893724
1,59431;1,14347
1,52062;1,14347
5,30185;1,29483
5,49538;1,29483
1,89812;1,23274
2,79375;1,23274
1,7481;1,28481
2,83109;1,28481
4,08969;0,904822
3,38435;0,904822
4,10041;0,911501
2,8781;0,911501
2,85009;0,650719
1,94529;0,650719
6,17014;0,755111
3,7327;0,755111
1,7635;1,38253
2,88029;1,38253
1,71708;1,43981
2,82288;1,43981
1,66602;1,3872
2,75394;1,3872
0,620599;0,73781
0,0466747;0,73781
2,07297;1,30791
3,23192;1,30791
1,97317;1,24741
3,10442;1,24741
1,88433;1,1955
2,98822;1,1955
1,73896;1,22269
2,6023;1,22269
2,3917;1,28481
3,40787;1,28481
2,31083;1,32795
3,30931;1,32795
2,30796;1,10056
3,31607;1,10056
1,97866;1,42766
3,1759;1,42766
3,51121;1,43749
4,81167;1,43749
2,65914;1,24584
3,93484;1,24584
10,7209;0,909352
9,16062;0,909352
10,61;1,70858
9,53024;1,70858
13,0012;1,95354
11,9735;1,95354
11,8436;1,91979
10,8926;1,91979
11,3858;1,87388
10,3282;1,87388
12,2485;2,05376
11,4469;2,05376
9,37415;0,570612
8,49907;0,570612
13,5727;0,691255
12,4866;0,691255
2,13889;0,593803
1,49744;0,593803
7,2048;1,926
6,84046;1,926
5,56633;1,84398
5,36097;1,84398
7,78813;1,91877
6,82309;1,91877
3,70792;1,76636
3,2531;1,76636
0,891486;0,76079
0,0739947;0,76079
9,3155;1,95254
8,79526;1,95254
1,39284;0,682996
0,378524;0,682996
0,935489;0,692104
0,0402071;0,692104
1,40325;0,743884
0,805304;0,743884
0,944433;1,48977
0,714061;1,48977
1,77896;0,687565
0,756842;0,687565
9,69306;1,71578
8,33707;1,71578
2,83491;1,61725
1,60967;1,61725
4,58319;1,79853
3,35018;1,79853
0,269196;1,99105
0,501905;1,99105
3,6738;1,26718
5,23465;1,26718
5,752;1,59139
5,35981;1,59139
4,95224;1,49476
4,55346;1,49476
6,11688;1,61422
4,68107;1,61422
6,11657;1,61713
4,68645;1,61713
4,49316;1,40361
3,90842;1,40361
20,3385;1,43654
19,1235;1,43654
10,1416;1,71771
9,0839;1,71771
9,72693;1,4783
8,75801;1,4783
7,30515;1,5311
5,97949;1,5311
10,2934;1,46246
8,68345;1,46246
1,97162;1,73382
2,97294;1,73382
1,83523;1,75535
3,0926;1,75535
10,1104;1,40472
8,03197;1,40472
9,8977;1,3477
7,57851;1,3477
11,7406;2,08244
11,3918;2,08244
13,2599;0,459275
11,232;0,459275
12,2144;2,01023
11,3678;2,01023
12,3282;2,06052
11,5023;2,06052
11,8905;2,01149
11,0182;2,01149
2,00218;1,28755
3,14983;1,28755
12,2731;1,52418
10,5658;1,52418
12,2047;1,53519
10,7807;1,53519
1,88008;1,24191
2,97663;1,24191
3,96134;0,958588
2,66613;0,958588
8,73361;1,24725
6,95111;1,24725
12,0511;1,88107
10,4968;1,88107
3,0265;0,637044
1,37719;0,637044
8,06845;1,65091
6,75696;1,65091
11,8322;1,67748
10,4583;1,67748
0,200116;1,79341
1,4262;1,79341
0,232076;1,77487
1,46212;1,77487
12,9055;1,27103
11,0428;1,27103
12,2414;1,89041
10,7758;1,89041
12,3372;1,91561
10,8043;1,91561
4,9482;1,93391
3,92544;1,93391
7,06766;2,05214
6,08744;2,05214
4,55986;1,83248
3,59778;1,83248
1,35949;0,723617
0,749078;0,723617
1,83715;0,638884
0,845746;0,638884
1,87251;0,634582
1,26906;0,634582
1,77972;0,658491
0,750826;0,658491
1,79108;0,746772
0,756433;0,746772
1,14623;0,769994
0,573978;0,769994
8,17269;1,1366
6,89648;1,1366
11,2386;0,9367
9,31847;0,9367
11,0412;0,9592
9,33372;0,9592
11,1531;0,996619
9,49257;0,996619
11,4947;1,22733
9,5786;1,22733
11,2446;1,22157
9,26735;1,22157
5,30974;0,726046
2,44503;0,726046
4,61845;0,678685
1,88565;0,678685
4,19623;0,672021
2,03977;0,672021
7,42816;0,781847
5,84805;0,781847
1,76044;1,36859
2,85064;1,36859
1,69935;1,5404
2,80933;1,5404
11,6019;1,0224
10,0935;1,0224
11,4546;1,00775
9,75615;1,00775
1,8339;1,88658
3,03319;1,88658
1,81317;1,83686
2,7793;1,83686
11,966;1,52007
10,1952;1,52007
13,2797;0,437007
11,2406;0,437007
13,6124;0,690688
11,5178;0,690688
11,6774;1,52071
9,90626;1,52071
10,3087;1,36458
8,70525;1,36458
11,0388;1,43026
9,03389;1,43026
7,64897;1,91877
7,31089;1,91877
7,95803;1,91989
7,62264;1,91989
10,8916;1,21112
9,21196;1,21112
1,96452;1,29316
3,10549;1,29316
1,93815;1,41541
3,07566;1,41541
10,1985;0,82377
8,43225;0,82377
1,82168;1,68051
2,98713;1,68051
1,75269;1,64604
2,69387;1,64604
1,35949;1,18465
2,40531;1,18465
1,30869;1,14347
2,32869;1,14347
4,63751;0,901572
3,4334;0,901572
2,98467;0,658788
1,41908;0,658788
5,42091;1,55192
3,98242;1,55192
4,16413;1,18564
2,92808;1,18564
1,76668;1,66636
2,917;1,66636
1,82663;1,22173
2,89615;1,22173
1,95784;1,23717
3,07184;1,23717
1,88967;1,26486
2,9841;1,26486
3,93405;0,61612
2,66592;0,61612
3,9416;0,614849
3,21691;0,614849
10,4935;0,900486
8,77982;0,900486
10,3919;0,85455
8,59644;0,85455
12,0194;1,96354
11,1377;1,96354
0,0329925;1,73855
0,273558;1,73855
8,116;1,92519
7,01158;1,92519
8,9968;1,87711
8,28683;1,87711
9,34218;1,93168
8,70324;1,93168
2,46523;0,465622
1,84114;0,465622
1,34892;0,662934
0,719626;0,662934
1,79522;0,523393
0,807689;0,523393
1,55139;0,759246
0,960159;0,759246
6,04607;2,00399
5,18539;2,00399
5,87418;1,59937
4,45448;1,59937
6,64575;1,68876
5,27267;1,68876
1,71106;1,89269
2,8826;1,89269
1,52303;1,69685
2,68153;1,69685
1,86071;1,68458
3,03898;1,68458
11,191;1,51646
9,7077;1,51646
11,3405;1,42958
9,39999;1,42958
11,4761;1,44062
9,61261;1,44062
9,2247;0,902223
7,17968;0,902223
1,19344;1,68551
2,12695;1,68551
1,2316;1,75992
2,40279;1,75992
1,29444;1,42065
2,35025;1,42065
12,5862;1,75245
11,0356;1,75245
12,4587;1,68121
10,8283;1,68121
0,816686;2,06857
0,616462;2,06857
3,27352;2,21337
1,77292;2,21337
11,4661;1,01414
9,95594;1,01414
4,27679;1,34217
2,97562;1,34217
6,27658;1,71395
4,72521;1,71395
9,78711;1,46767
8,73758;1,46767
11,8379;1,52071
10,0395;1,52071
13,4437;0,582827
11,3303;0,582827
13,4568;0,584838
11,3403;0,584838
6,29814;1,90516
5,99457;1,90516
2,6374;0,690122
1,91818;0,690122
2,04614;0,608451
1,42387;0,608451
6,46949;0,709692
4,74795;0,709692
3,97178;0,883374
2,69155;0,883374
3,98833;0,877596
2,71509;0,877596
1,41107;1,77608
2,63781;1,77608
10,6972;0,847422
8,73161;0,847422
12,383;2,1123
11,6407;2,1123
12,4602;2,16085
11,7292;2,16085
10,3142;0,425206
8,49166;0,425206
1,29416;1,76791
1,07122;1,76791
0,927679;1,76901
0,666437;1,76901
0,875784;0,708035
0,0881284;0,708035
1,35156;0,793769
0,368188;0,793769
5,1607;1,91223
4,2464;1,91223
5,97838;1,90773
4,54247;1,90773
10,2328;1,37515
8,11288;1,37515
10,3909;1,43272
8,81732;1,43272
10,8437;1,43258
9,28201;1,43258
11,5296;1,58942
10,1213;1,58942
1,50271;1,79755
2,67328;1,79755
2,4659;1,25429
3,41536;1,25429
4,58384;1,43722
4,0423;1,43722
4,6241;1,44442
4,09073;1,44442
5,5994;1,58634
5,20916;1,58634
6,98048;0,711619
5,12882;0,711619
8,8321;0,782097
7,04361;0,782097
2,42668;1,2613
3,64654;1,2613
5,10139;0,376905
4,39865;0,376905
5,10881;0,372203
4,40836;0,372203
2,51107;0,637044
1,72021;0,637044
5,35673;0,763102
4,05284;0,763102
4,92991;0,756405
3,64658;0,756405
1,39658;2,07254
2,63653;2,07254
1,70931;1,90885
2,9694;1,90885
1,73743;1,56723
2,94794;1,56723
1,89606;1,74585
2,87887;1,74585
1,89633;1,67725
3,08995;1,67725
1,67542;1,20268
2,52892;1,20268
1,63233;1,27809
2,49106;1,27809
10,4587;0,898528
8,89083;0,898528
11,065;0,990908
9,39719;0,990908
4,09159;0,833217
3,39403;0,833217
4,09146;0,831572
3,39263;0,831572
2,02266;1,26826
3,16308;1,26826
13,5506;0,690972
11,4553;0,690972
8,54531;1,97596
7,92719;1,97596
0,0346926;0,865472
0,564155;0,865472
1,45304;1,68853
2,59105;1,68853
2,47076;1,29905
3,43397;1,29905
2,44022;1,25054
3,3875;1,25054
2,43474;1,22653
3,37684;1,22653
2,415;1,24772
3,351;1,24772
2,04362;1,18729
2,94495;1,18729
1,74125;1,12222
2,82306;1,12222
1,64969;1,59053
2,55464;1,59053
12,3309;1,60559
10,6194;1,60559
11,7811;1,52701
10,3066;1,52701
10,2515;0,832982
8,54881;0,832982
10,8234;0,91493
9,25136;0,91493
1,35136;1,47737
2,43401;1,47737
9,14129;0,814213
7,0836;0,814213
9,15816;0,815894
7,10044;0,815894
4,98115;1,85867
4,76768;1,85867
4,42292;1,80266
4,14601;1,80266
0,710673;1,74035
0,493782;1,74035
1,37762;1,76214
1,17646;1,76214
13,58;0,690688
11,4864;0,690688
5,10445;0,35443
4,40336;0,35443
4,82431;0,682423
1,97244;0,682423
12,6623;0,719277
11,5857;0,719277
11,9943;1,78147
10,6971;1,78147
11,5037;1,14432
9,56808;1,14432
10,5292;1,0839
8,44909;1,0839
11,8141;1,83152
10,5453;1,83152
7,48041;0,714911
5,07407;0,714911
12,0152;1,0752
10,4693;1,0752
9,21483;0,878487
6,99674;0,878487
8,10503;0,798684
5,63126;0,798684
11,3675;1,02488
9,52827;1,02488
9,7383;1,50129
7,75848;1,50129
9,57739;1,32131
8,04105;1,32131
9,22678;1,29089
6,87599;1,29089
9,08267;1,28527
7,62632;1,28527
12,2764;1,943
10,6295;1,943
12,3102;2,00096
10,7373;2,00096
9,78697;1,50818
8,36771;1,50818
12,5571;1,6905
11,2625;1,6905
12,2171;1,89165
10,6548;1,89165
12,5821;1,68179
10,9881;1,68179
10,5653;1,35075
8,50214;1,35075
11,7635;1,60279
9,96894;1,60279
11,5203;1,5109
10,0546;1,5109
0,169223;1,739
1,5231;1,739
1,90526;1,76336
3,11262;1,76336
1,87407;1,77343
3,06965;1,77343
1,58002;1,71304
2,61123;1,71304
1,12436;1,77828
2,04257;1,77828
9,7128;1,45791
8,74832;1,45791
8,7777;1,86215
7,96267;1,86215
7,62802;1,63303
6,99384;1,63303
7,20587;1,50037
9,00682;1,50037
20,3365;1,18498
19,1202;1,18498
0,731987;1,55079
1,82883;1,55079
6,82688;1,71224
6,30828;1,71224
5,95226;1,5877
4,50225;1,5877
6,98452;1,74608
6,42353;1,74608
10,1873;1,73325
9,12388;1,73325
2,39218;2,16591
2,11263;2,16591
3,67354;2,22431
2,23477;2,22431
3,53202;2,11646
3,19144;2,11646
0,278576;1,97507
0,47037;1,97507
0,683898;1,53646
1,80979;1,53646
0,728083;2,05357
0,705157;2,05357
5,09485;1,96314
4,07653;1,96314
9,24938;1,7033
8,36674;1,7033
9,48797;1,49776
7,91823;1,49776
5,87122;1,94682
4,91446;1,94682
2,34578;0,588506
1,3074;0,588506
1,82601;0,585506
1,20729;0,585506
1,42448;0,675217
0,828449;0,675217
1,85871;0,726855
0,847928;0,726855
1,88256;0,678974
1,23666;0,678974
0,0370335;0,948532
0,90177;0,948532
0,691993;1,6748
0,530711;1,6748
0,408144;1,00132
1,33399;1,00132
0,987758;0,699975
0,340194;0,699975
0,566894;0,811083
0,429272;0,811083
0,922706;0,66116
0,0441561;0,66116
9,23737;2,00623
8,6171;2,00623
10,6649;2,01421
10,022;2,01421
10,8513;2,01577
10,2159;2,01577
10,0418;1,95655
9,4166;1,95655
10,5296;1,98485
9,894;1,98485
9,61092;1,99802
8,91684;1,99802
8,43763;1,93148
7,36572;1,93148
6,20491;1,87252
5,74221;1,87252
6,16002;1,88461
5,656;1,88461
7,6254;1,91816
7,09471;1,91816
8,67507;2,024
8,38442;2,024
11,1147;2,28918
10,9007;2,28918
9,87858;1,97625
9,43964;1,97625
10,9302;2,06668
10,9895;2,06668
2,31901;1,77806
3,13866;1,77806
3,6312;1,81865
4,30941;1,81865
5,70028;1,95194
5,45042;1,95194
4,49947;1,82446
4,04159;1,82446
6,86672;1,93543
6,66806;1,93543
4,77681;1,84047
4,6058;1,84047
2,65645;0,640108
1,8054;0,640108
5,08544;0,382061
4,37784;0,382061
5,06951;0,434312
4,3379;0,434312
9,3668;0,556727
8,49713;0,556727
2,38037;0,472712
1,35648;0,472712
1,8961;0,542846
1,30188;0,542846
1,8619;0,638884
0,866547;0,638884
2,39348;0,636122
1,64838;0,636122
2,21873;0,668518
1,58234;0,668518
13,0675;2,05567
12,0992;2,05567
12,1146;1,92315
11,1753;1,92315
4,72027;0,668518
2,22836;0,668518
2,65642;0,586174
1,24368;0,586174
11,181;0,951005
9,53648;0,951005
11,7323;1,02984
10,226;1,02984
10,8117;0,916212
9,18139;0,916212
3,18424;0,762075
2,29835;0,762075
1,31179;0,711069
0,751837;0,711069
10,004;1,9941
9,17456;1,9941
8,67452;1,76924
8,07886;1,76924
8,78434;0,819005
7,25908;0,819005
9,32744;0,829215
7,79462;0,829215
3,93409;0,61739
3,2134;0,61739
2,31151;1,23178
3,23076;1,23178
2,3112;1,23701
3,51096;1,23701
1,79625;1,1737
2,66365;1,1737
1,85487;1,27564
2,96023;1,27564
1,38778;1,17985
2,41767;1,17985
2,06275;1,13574
2,95465;1,13574
1,743;1,61083
2,87794;1,61083
1,40544;1,6528
2,5232;1,6528
1,96569;1,25974
3,11121;1,25974
0,979387;1,30416
2,01409;1,30416
0,956635;1,45589
1,80435;1,45589
4,63421;0,907198
3,42929;0,907198
1,30874;1,22381
2,33876;1,22381
1,33526;1,12605
2,36236;1,12605
1,00196;0,99544
1,815;0,99544
1,57066;1,38225
2,43001;1,38225
1,60002;1,25429
2,45655;1,25429
4,59402;0,846035
3,37786;0,846035
4,11455;1,01452
2,8793;1,01452
1,55783;1,61046
2,79059;1,61046
2,96055;1,28512
4,20411;1,28512
0,977834;0,762075
0,0374432;0,762075
4,54056;0,793769
3,30584;0,793769
2,85609;0,612936
1,70978;0,612936
1,98383;1,29543
3,18351;1,29543
11,0487;1,97209
10,0418;1,97209
12,513;2,04641
11,7781;2,04641
2,33696;0,691255
1,1641;0,691255
2,02739;0,464781
1,444;0,464781
13,3419;0,629939
12,321;0,629939
0,51577;0,745986
0,122282;0,745986
2,32641;0,647101
1,22979;0,647101
4,58065;1,87961
3,47601;1,87961
3,79493;1,92864
2,8824;1,92864
2,68953;2,14475
1,21714;2,14475
7,54713;2,89577
4,99727;2,89577
4,67746;2,0963
4,17922;2,0963
1,42185;1,55268
2,32617;1,55268
9,31747;1,03192
7,4923;1,03192
13,1317;1,9882
11,8101;1,9882
10,164;1,62414
8,72698;1,62414
12,2152;2,00682
10,6431;2,00682
8,66038;1,20982
7,25445;1,20982
9,28535;1,13488
7,94868;1,13488
10,0671;1,43477
8,06723;1,43477
12,1054;1,85583
10,6867;1,85583
10,4209;0,573008
8,52335;0,573008
5,20931;0,494164
4,38386;0,494164
8,60303;0,461401
7,75274;0,461401
12,4233;2,05795
10,9162;2,05795
12,3437;1,90156
10,8133;1,90156
20,2678;1,19747
19,051;1,19747
8,91642;1,65351
7,56969;1,65351
10,7999;2,01324
10,2509;2,01324
6,64336;1,28664
4,17025;1,28664
15,5814;1,50363
15,7707;1,50363
24,0873;1,76946
26,9835;1,76946
6,94095;1,77012
5,34276;1,77012
25,7548;1,38875
25,3526;1,38875
17,2515;2,00701
14,3512;2,00701
23,3338;1,31552
21,8332;1,31552
4,60377;1,59262
3,34643;1,59262
8,82378;2,59073
8,20004;2,59073
7,08502;1,55733
7,60357;1,55733
2,3998;0,323851
0,0679282;0,323851
1,81619;0,317752
0,0718413;0,317752
2,09118;0,510141
1,30308;0,510141
6,8271;0,611658
6,79279;0,611658
0,631057;0,585172
1,65565;0,585172
7,20059;1,25881
5,77089;1,25881
17,3822;1,25803
17,0864;1,25803
1,44051;2,67481
1,36646;2,67481
14,5746;2,62808
14,4923;2,62808
28,5802;1,15352
27,0615;1,15352
30,9914;0,998972
28,3922;0,998972
30,1082;1,15284
29,3748;1,15284
0,637806;0,49218
0,342346;0,49218
30,5683;0,747296
29,0341;0,747296
25,9803;0,750692
23,7729;0,750692
46,8954;0,713541
45,539;0,713541
33,7488;0,874692
36,1231;0,874692
22,544;1,00366
18,4861;1,00366
26,4171;2,11914
23,7363;2,11914
7,90184;1,52033
5,35934;1,52033
28,3563;1,69362
27,5446;1,69362
11,7556;1,67795
10,4904;1,67795
13,3362;1,67853
13,006;1,67853
3,76095;2,71289
4,65639;2,71289
15,5648;0,748866
13,0309;0,748866
1,16103;2,75079
0,854969;2,75079
22,6905;0,435213
22,2812;0,435213
23,4769;0,427958
23,1287;0,427958
15,0329;0,47519
13,3225;0,47519
7,43527;1,73257
8,0808;1,73257
8,63558;1,08715
7,43705;1,08715
8,41764;0,901355
7,24925;0,901355
4,02076;0,516999
2,32673;0,516999
8,71643;1,2698
9,20767;1,2698
29,7831;1,42106
28,1664;1,42106
6,76566;0,331613
4,77625;0,331613
1,04106;0,546439
1,01817;0,546439
0,321104;0,385122
0,14744;0,385122
4,45446;0,365305
5,98477;0,365305
1,15936;0,355533
0,170956;0,355533
8,14202;1,51388
8,59875;1,51388
17,6604;1,51297
17,1172;1,51297
3,24299;2,69145
2,27325;2,69145
20,1359;2,57359
20,5433;2,57359
21,3013;2,56842
22,6347;2,56842
0,542976;2,55719
0,705932;2,55719
6,89369;1,51452
6,82986;1,51452
34,7654;1,51452
34,879;1,51452
9,23859;2,54522
10,7336;2,54522
6,47638;1,38239
6,49391;1,38239
6,57929;1,43422
6,64926;1,43422
1,38832;3,11558
1,53636;3,11558
6,00373;1,61119
6,06318;1,61119
24,6672;2,57184
24,0597;2,57184
21,0954;2,63455
19,8824;2,63455
1,29305;3,03551
1,93639;3,03551
7,27666;2,36198
7,77485;2,36198
8,5363;2,358
9,47226;2,358
7,79655;2,46657
9,02431;2,46657
9,30123;2,3691
11,0163;2,3691
12,7704;2,28456
15,0031;2,28456
5,55579;2,6622
6,76107;2,6622
1,04989;2,66411
2,31925;2,66411
2,36513;2,64056
2,84916;2,64056
4,4349;2,60962
4,77849;2,60962
9,63325;1,43858
9,3316;1,43858
2,81217;1,43804
2,7236;1,43804
7,43159;1,64544
6,41906;1,64544
26,7313;1,0306
27,4481;1,0306
12,1768;1,57768
11,366;1,57768
10,7643;1,0323
12,7865;1,0323
7,5497;1,03249
8,15106;1,03249
3,82144;1,83888
3,9728;1,83888
5,1098;1,83813
5,03924;1,83813
22,5872;0,776069
20,7386;0,776069
13,5247;1,79602
14,1852;1,79602
17,1712;1,83408
16,0468;1,83408
8,54964;1,83109
6,66997;1,83109
38,7756;0,472712
34,9337;0,472712
5,25364;1,67713
3,97018;1,67713
6,45011;1,51414
3,86573;1,51414
3,08249;2,62443
2,12898;2,62443
4,62727;1,83472
5,00121;1,83472
7,17706;1,76569
5,63759;1,76569
6,45801;1,84557
6,44021;1,84557
7,04507;1,25943
5,45374;1,25943
6,9589;1,1727
5,19145;1,1727
7,65817;1,35638
3,88406;1,35638
33,367;1,14842
30,4076;1,14842
8,89515;1,14757
7,13977;1,14757
8,59141;0,975985
7,13282;0,975985
8,37238;0,970758
7,3367;0,970758
6,50417;2,47275
5,67397;2,47275
10,1782;2,43791
10,0826;2,43791
2,11771;2,43365
2,09033;2,43365
39,1836;0,874469
38,1511;0,874469
23,8068;2,67511
22,7395;2,67511
5,75774;0,774555
3,81003;0,774555
6,31864;1,17487
6,29726;1,17487
0,889062;0,51662
2,63942;0,51662
21,9487;0,845341
20,466;0,845341
40,1495;0,591491
37,4981;0,591491
35,6452;0,876257
34,5834;0,876257
7,18632;0,545364
5,0689;0,545364
10,6849;0,544645
9,2492;0,544645
0,821145;0,377424
0,22913;0,377424
2,70079;2,96385
4,28479;2,96385
0,422903;3,16255
0,0638853;3,16255
7,24441;1,5109
8,14855;1,5109
7,03222;1,51375
7,01061;1,51375
5,56978;2,12006
5,02815;2,12006
3,2732;2,12099
1,58942;2,12099
5,60511;2,53235
5,98698;2,53235
8,52719;1,15182
7,61292;1,15182
8,65173;1,15097
7,28764;1,15097
6,47564;1,35133
5,63875;1,35133
5,95565;1,07009
4,90894;1,07009
2,45144;2,58339
2,22412;2,58339
7,37725;1,52136
6,26999;1,52136
7,36901;1,51904
6,26316;1,51904
6,76412;1,16718
6,10236;1,16718
0,820151;0,384104
0,403633;0,384104
2,57549;2,62167
1,61154;2,62167
1,56803;2,51349
1,40752;2,51349
6,76717;1,43858
5,61163;1,43858
6,63608;1,33677
5,41453;1,33677
7,10398;1,51491
6,64572;1,51491
7,12388;1,51685
6,6696;1,51685
14,3156;0,864114
11,5519;0,864114
14,3291;0,863887
11,5636;0,863887
2,24322;0,438795
1,20493;0,438795
2,2333;0,444114
0,904656;0,444114
2,6406;0,554966
1,56577;0,554966
1,63843;2,93878
0,968111;2,93878
1,60489;2,93251
0,955413;2,93251
2,85929;1,48872
1,86748;1,48872
3,29674;1,38818
2,64133;1,38818
1,53994;2,52856
0,602422;2,52856
2,02024;2,58172
1,05357;2,58172
1,10142;2,78622
0,379817;2,78622
1,5011;2,95108
0,863935;2,95108
7,1678;1,50011
6,72063;1,50011
1,81399;2,93718
1,19998;2,93718
1,75441;2,452
1,60974;2,452
1,74936;2,45128
1,60315;2,45128
1,74857;2,92268
1,15701;2,92268
1,70811;2,91578
1,13502;2,91578
1,55814;2,52057
1,4323;2,52057
0,515802;0,574372
1,71578;0,574372
7,10292;1,61325
6,15267;1,61325
6,9533;1,50298
5,95112;1,50298
0,790663;0,356632
0,44024;0,356632
3,45681;2,61202
3,12037;2,61202
3,67848;0,309643
2,6727;0,309643
1,22192;2,92984
0,568576;2,92984
1,44168;2,35443
1,2685;2,35443
2,07433;2,32902
1,76836;2,32902
6,31104;1,57818
5,99513;1,57818
6,36937;1,58424
6,0679;1,58424
6,29153;1,7637
5,43075;1,7637
1,42527;2,98918
0,815123;2,98918
1,45159;2,98465
0,833811;2,98465
8,35372;1,584
7,07384;1,584
6,34386;1,10482
5,48497;1,10482
4,05578;1,67958
3,39467;1,67958
4,06935;1,67701
3,40742;1,67701
2,54905;2,79757
1,91964;2,79757
6,77155;1,52226
5,90093;1,52226
1,88771;3,22452
1,47791;3,22452
5,8246;0,699975
4,41673;0,699975
1,87356;0,243893
0,595016;0,243893
1,92115;0,448498
0,653855;0,448498
10,7919;1,10924
9,54219;1,10924
11,4904;1,08498
9,51234;1,08498
5,79041;0,871779
4,60133;0,871779
5,31921;0,771771
3,86753;0,771771
6,85672;1,55041
5,80517;1,55041
6,85713;1,54725
5,80288;1,54725
2,57979;0,454565
1,28211;0,454565
2,48097;0,331613
1,21326;0,331613
2,24571;0,521896
1,20741;0,521896
5,33961;0,749388
4,02717;0,749388
5,91594;1,5686
4,98684;1,5686
1,23936;0,726316
2,4259;0,726316
1,51601;0,546797
0,537428;0,546797
1,87774;0,301316
0,605624;0,301316
5,55333;1,73483
4,68208;1,73483
1,51257;2,82688
0,780728;2,82688
0,543491;0,601659
1,74487;0,601659
6,85299;1,54459
5,79884;1,54459
1,38715;2,8519
0,689161;2,8519
7,46298;1,55217
6,37031;1,55217
1,49312;3,16236
1,006;3,16236
1,68295;2,5871
1,5259;2,5871
4,6445;1,82413
3,22364;1,82413
3,65664;1,49476
2,66189;1,49476
7,06404;1,77971
6,84687;1,77971
6,07213;2,62159
5,84674;2,62159
6,72316;1,08462
6,07451;1,08462
5,86809;1,80222
4,988;1,80222
5,94491;1,68528
5,03376;1,68528
1,61912;3,13556
1,77939;3,13556
1,598;3,15604
1,15908;3,15604
4,39924;2,59827
3,86552;2,59827
4,40101;2,60857
3,86369;2,60857
7,40343;1,40695
6,85795;1,40695
1,82909;3,18223
1,43802;3,18223
5,97801;1,47737
5,43558;1,47737
7,53467;1,10038
7,09886;1,10038
6,42572;1,34697
5,57803;1,34697
6,44476;1,34973
5,60139;1,34973
6,29738;1,19518
5,48081;1,19518
6,76289;1,9329
6,4374;1,9329
6,79633;1,92356
6,47761;1,92356
6,69678;1,89176
6,22173;1,89176
3,28417;1,59875
2,61932;1,59875
4,04747;1,70008
2,80549;1,70008
2,63647;2,38942
2,33495;2,38942
2,55123;2,4042
1,44605;2,4042
1,65875;2,39915
1,45455;2,39915
2,56393;2,47994
2,39426;2,47994
1,46355;2,34669
1,28977;2,34669
7,95586;1,51711
6,25826;1,51711
6,83646;1,03533
5,95657;1,03533
2,14526;2,58058
1,9465;2,58058
1,54046;0,377424
0,568089;0,377424
0,0121115;0,61992
1,45254;0,61992
0,60386;0,671147
1,8243;0,671147
3,54987;0,272681
2,47551;0,272681
3,54376;0,268341
2,46667;0,268341
6,6756;0,628073
5,59682;0,628073
4,81955;0,48092
2,67538;0,48092
4,05593;0,402512
2,69175;0,402512
1,30751;2,72333
0,533307;2,72333
6,64186;1,7491
5,84762;1,7491
1,39762;3,10059
1,51829;3,10059
9,45353;0,749127
7,61395;0,749127
6,78314;1,10252
5,88744;1,10252
6,77032;1,10216
5,87019;1,10216
6,78486;1,10305
5,8872;1,10305
0,687937;0,643766
2,12415;0,643766
4,93312;1,59765
4,14557;1,59765
1,73207;2,46188
1,59125;2,46188
1,88587;0,514723
0,608056;0,514723
0,877052;0,351659
0,369998;0,351659
1,79353;2,5646
1,63088;2,5646
1,86645;2,55114
1,70357;2,55114
2,18272;2,43992
1,97364;2,43992
4,44042;1,70972
3,1407;1,70972
4,04018;1,55859
2,98076;1,55859
7,65056;1,59213
6,58798;1,59213
7,23928;1,71862
6,1531;1,71862
8,74818;1,13729
7,42912;1,13729
4,58823;1,7994
3,80825;1,7994
6,94264;1,56985
6,29532;1,56985
7,01185;1,58671
6,11311;1,58671
6,52241;1,80959
5,17886;1,80959
6,49647;1,80808
5,65994;1,80808
6,00736;1,83654
4,54756;1,83654
5,38567;1,83472
4,56068;1,83472
7,57949;1,07411
6,94639;1,07411
7,56455;1,09967
6,92411;1,09967
7,78116;1,18068
7,20591;1,18068
4,61893;1,82016
3,88641;1,82016
6,82358;1,34944
5,79427;1,34944
5,54351;1,50597
4,64455;1,50597
5,89039;1,57979
4,96822;1,57979
5,95185;1,60059
5,00364;1,60059
0,765633;2,71757
0,657472;2,71757
0,107813;0,524514
1,11765;0,524514
0,633948;0,570955
1,85308;0,570955
0,0179519;0,513581
1,2666;0,513581
3,47193;0,942946
2,37618;0,942946
1,72514;0,28599
0,495293;0,28599
1,60704;2,64871
1,52904;2,64871
7,38736;1,52264
6,27623;1,52264
7,36288;1,51633
6,25634;1,51633
1,85045;2,48294
1,68473;2,48294
3,02359;2,65601
2,73424;2,65601
1,65413;2,93058
0,979322;2,93058
7,3805;3,63065
6,60638;3,63065
1,40308;2,39482
1,22596;2,39482
6,72766;1,25741
6,08654;1,25741
1,27641;2,55183
1,15137;2,55183
1,32116;2,54368
1,22883;2,54368
1,5878;2,50601
1,4252;2,50601
5,97984;1,07009
4,94049;1,07009
5,99905;1,06954
4,96529;1,06954
7,49658;0,722805
6,02201;0,722805
7,51623;0,586842
6,03722;0,586842
7,21157;0,95121
6,37276;0,95121
1,87021;0,548583
0,591799;0,548583
0,0057217;0,586174
1,47313;0,586174
7,36124;1,51375
6,25204;1,51375
7,36799;1,50727
6,24759;1,50727
2,11942;3,08553
1,53691;3,08553
2,3644;2,4974
2,24113;2,4974
3,95376;2,5945
3,34999;2,5945
5,86907;0,87581
4,70114;0,87581
2,62164;0,437902
1,54421;0,437902
0,234127;0,537048
1,6833;0,537048
6,9043;1,51955
6,15268;1,51955
7,05537;1,64639
6,34882;1,64639
7,08866;1,42807
6,61182;1,42807
7,2366;1,48767
6,61461;1,48767
6,98182;1,40667
6,49185;1,40667
1,80774;3,01045
1,19475;3,01045
1,87101;0,447624
0,593905;0,447624
2,22988;0,493372
0,895611;0,493372
6,40138;0,348305
4,98671;0,348305
6,35472;0,537412
4,96932;0,537412
3,57622;0,332202
2,51851;0,332202
7,86174;0,751474
6,24175;0,751474
6,38502;0,445872
4,97674;0,445872
2,14514;0,301965
1,19479;0,301965
6,77067;0,931882
5,99658;0,931882
6,9251;0,798439
5,67495;0,798439
2,50988;0,344917
1,25247;0,344917
3,46065;0,661456
2,35434;0,661456
3,47514;0,935654
2,38148;0,935654
6,39696;0,885586
4,96498;0,885586
5,82626;0,563018
4,96421;0,563018
0,655245;0,705266
2,08122;0,705266
1,46249;0,41212
0,176157;0,41212
1,43644;0,611018
0,439751;0,611018
0,435992;0,604255
1,83877;0,604255
1,231;0,300666
0,042864;0,300666
1,18587;0,315279
0,0897785;0,315279
1,89055;0,35443
0,885874;0,35443
1,90747;0,252564
0,914194;0,252564
0,443248;0,411645
0,770962;0,411645
4,36316;1,85319
3,62743;1,85319
2,307;2,79568
1,49834;2,79568
1,85;3,02711
1,23114;3,02711
6,84973;1,01952
5,97259;1,01952
6,76571;1,10464
5,43842;1,10464
6,75268;1,10234
5,83613;1,10234
5,86631;1,59152
4,94988;1,59152
7,53275;1,34377
6,37357;1,34377
6,70931;1,25476
5,76253;1,25476
14,4193;1,108
12,5602;1,108
6,25523;1,78125
5,33379;1,78125
7,35889;1,51362
6,25108;1,51362
5,44998;1,70157
4,56651;1,70157
1,40442;2,41379
1,22505;2,41379
2,23944;2,42753
1,23632;2,42753
3,92035;1,76802
2,49294;1,76802
3,99332;1,78487
3,35201;1,78487
2,05044;2,41119
1,922;2,41119
2,00683;2,41905
1,81839;2,41905
2,27798;2,52088
2,16386;2,52088
2,7502;2,05262
2,26118;2,05262
3,0638;2,021
2,53508;2,021
2,6299;1,94179
1,50111;1,94179
4,07194;1,96662
3,43998;1,96662
1,81433;2,10217
1,3981;2,10217
2,26163;2,16193
1,14712;2,16193
1,98062;2,71894
1,1511;2,71894
2,64583;2,4042
1,60912;2,4042
1,43063;2,31317
1,15411;2,31317
4,10315;1,69015
2,83044;1,69015
4,10946;1,6876
2,83099;1,6876
3,33129;1,63387
2,67425;1,63387
3,7384;1,63889
3,14746;1,63889
6,32443;1,25632
4,93437;1,25632
3,29467;1,29422
2,64323;1,29422
3,52598;1,67257
2,91298;1,67257
5,7862;1,24835
4,92949;1,24835
6,39529;1,1896
4,91395;1,1896
4,15771;1,78663
3,48556;1,78663
4,11328;1,78772
3,41912;1,78772
6,76845;1,82424
6,00277;1,82424
6,56813;1,8573
5,85261;1,8573
6,3856;1,84356
5,66963;1,84356
6,7053;1,87847
6,15748;1,87847
6,68191;1,90444
6,20583;1,90444
6,6564;1,52007
5,72971;1,52007
7,97437;1,67246
6,71531;1,67246
7,35541;1,65682
6,31201;1,65682
7,07672;2,21099
6,79203;2,21099
5,96495;2,53551
5,88342;2,53551
5,51156;2,11905
4,96864;2,11905
8,67321;1,14671
7,32052;1,14671
6,37719;1,24772
5,50031;1,24772
3,82657;0,596105
2,72662;0,596105
5,74863;0,869532
4,5469;0,869532
11,4605;1,13246
9,47931;1,13246
11,4523;1,24992
9,47878;1,24992
10,787;1,1757
9,52218;1,1757
6,80734;1,48227
6,16447;1,48227
6,73764;1,44564
5,71155;1,44564
6,8135;1,50636
6,13126;1,50636
6,89919;1,5499
6,15656;1,5499
6,42789;1,43531
5,59113;1,43531
9,25694;1,27196
7,77116;1,27196
6,66415;0,928727
5,89089;0,928727
7,06627;0,908491
5,95488;0,908491
6,32054;1,64104
6,02641;1,64104
7,18594;1,40862
6,53551;1,40862
7,25185;1,34973
6,58956;1,34973
7,27963;1,378
6,7123;1,378
7,14798;1,30101
6,38707;1,30101
7,34554;1,32928
6,69426;1,32928
2,02297;3,18696
1,67433;3,18696
2,03724;3,18469
1,68142;3,18469
1,86851;3,1885
1,46646;3,1885
1,79791;3,16038
1,40715;3,16038
7,19963;1,76481
5,95805;1,76481
7,54235;1,67351
6,63997;1,67351
6,92333;1,83248
6,162;1,83248
6,93766;1,81531
6,17914;1,81531
3,85176;3,41478
3,49035;3,41478
5,40759;1,84196
4,58945;1,84196
5,99011;1,68957
4,47024;1,68957
6,50191;1,67958
5,05603;1,67958
5,72593;1,62835
4,8391;1,62835
6,39154;1,86057
5,49184;1,86057
5,94892;1,68435
5,04359;1,68435
6,54671;1,82842
5,69879;1,82842
6,55321;1,85867
5,72024;1,85867
6,29128;1,78652
4,87365;1,78652
5,90579;1,81078
5,0421;1,81078
12,1001;1,44618
10,5324;1,44618
1,32261;3,07434
1,39277;3,07434
1,32636;3,09876
1,3923;3,09876
5,28763;1,81067
4,46449;1,81067
1,70516;3,11571
1,38186;3,11571
6,43946;1,92234
5,81457;1,92234
2,23515;3,18408
1,91985;3,18408
6,37425;2,04335
6,19442;2,04335
8,02578;1,02584
7,63841;1,02584
7,27439;1,44483
7,10391;1,44483
11,4272;1,14774
10,0806;1,14774
6,31505;1,9808
5,59331;1,9808
6,55756;1,98357
5,89286;1,98357
6,87797;1,85952
6,23303;1,85952
3,53307;1,71155
2,90795;1,71155
5,85552;1,325
4,50625;1,325
6,56334;1,33119
4,90667;1,33119
3,34565;1,63327
2,69131;1,63327
5,79525;1,13626
4,92239;1,13626
4,43825;1,84525
2,97349;1,84525
3,3052;1,95174
2,74529;1,95174
2,06922;2,41735
1,90921;2,41735
1,59837;2,44489
1,47854;2,44489
1,94986;2,45328
1,86894;2,45328
2,46739;2,50202
2,27564;2,50202
1,41234;2,42196
1,27347;2,42196
0,435898;2,22554
0,0847728;2,22554
1,65912;2,38729
1,53224;2,38729
3,6113;1,83002
3,00007;1,83002
6,45758;1,43531
5,45112;1,43531
16,2152;0,887132
13,0718;0,887132
4,42095;1,7319
3,67685;1,7319
6,81319;1,10358
5,48648;1,10358
1,71677;2,78966
1,66423;2,78966
3,83777;2,82022
2,87733;2,82022
5,27495;1,78685
3,80369;1,78685
1,42998;0,684141
0,150859;0,684141
0,769228;0,477654
0,475639;0,477654
6,9656;0,599378
6,03536;0,599378
6,39819;0,776069
4,98296;0,776069
8,79957;0,613574
7,14099;0,613574
5,33482;0,951622
4,02489;0,951622
3,07579;0,870207
1,97753;0,870207
1,77241;0,35882
0,541338;0,35882
11,2265;0,695206
8,96374;0,695206
9,51489;0,748604
7,68906;0,748604
6,83783;0,615485
5,87359;0,615485
3,58519;2,30647
3,11128;2,30647
11,3668;0,941284
9,29237;0,941284
10,8215;1,35494
8,93521;1,35494
8,73941;1,34319
7,41807;1,34319
6,06022;2,0076
5,19087;2,0076
