4,2079;0,772278
5,23729;0,772278
13,2085;2,92021
12,5338;2,92021
13,1158;2,91954
12,472;2,91954
7,64101;0,750171
6,66353;0,750171
40,3704;2,06942
41,9052;2,06942
3,67299;1,3253
3,0376;1,3253
13,0793;2,91363
12,5025;2,91363
13,2228;2,91168
12,7212;2,91168
0,378126;1,65635
0,554819;1,65635
0,218426;1,66036
0,89967;1,66036
3,35392;1,9705
1,00355;1,9705
41,5013;2,25029
39,3722;2,25029
27,5232;2,36323
25,3125;2,36323
5,57711;0,568895
6,42115;0,568895
4,91163;0,674927
5,81506;0,674927
35,7953;1,99724
36,3123;1,99724
14,3412;2,28045
13,5458;2,28045
14,985;2,32515
12,261;2,32515
3,57001;1,03401
4,54712;1,03401
2,67976;1,37387
1,34475;1,37387
4,04757;1,23717
2,86806;1,23717
2,39845;1,37928
1,33488;1,37928
26,9281;3,05492
27,9652;3,05492
23,6637;2,32313
23,4095;2,32313
21,9836;2,32843
21,5829;2,32843
3,41898;1,33867
2,16686;1,33867
3,9397;1,29347
2,64118;1,29347
2,12589;1,41596
0,927293;1,41596
1,27492;1,64282
0,485763;1,64282
35,6632;2,48451
34,3866;2,48451
7,51359;2,4812
8,41306;2,4812
36,9319;0,559182
37,6079;0,559182
4,49046;1,34232
3,78087;1,34232
3,3118;1,34407
2,29272;1,34407
4,92452;2,16672
4,40299;2,16672
10,8584;1,70869
9,85333;1,70869
20,7311;2,30758
20,4619;2,30758
20,4543;2,30707
20,666;2,30707
35,5515;1,9331
36,8471;1,9331
34,3647;1,04941
35,1635;1,04941
35,521;2,02903
37,0693;2,02903
17,2696;1,90413
16,2073;1,90413
5,78709;2,32119
6,3001;2,32119
5,72907;2,32608
4,93021;2,32608
3,99486;1,2842
2,68475;1,2842
5,91334;1,00872
5,00839;1,00872
3,87622;0,61612
6,0254;0,61612
3,59174;1,37245
3,61364;1,37245
3,21603;1,23907
2,06765;1,23907
10,3198;0,757439
9,37776;0,757439
0,267349;1,85878
0,789641;1,85878
24,0239;1,40597
21,853;1,40597
23,8883;1,41941
22,918;1,41941
17,9502;2,73237
15,4682;2,73237
27,5725;2,96887
25,4601;2,96887
16,4829;0,818766
16,8475;0,818766
3,36175;0,942738
4,45415;0,942738
4,88832;2,17412
4,52736;2,17412
6,10623;2,25281
5,79084;2,25281
0,785941;1,68423
0,241648;1,68423
6,67604;2,16636
4,35909;2,16636
12,8576;2,69972
10,8707;2,69972
18,2418;1,16936
18,7607;1,16936
14,8779;1,10038
15,6542;1,10038
9,83725;2,63188
9,2472;2,63188
5,23512;0,50629
6,11503;0,50629
4,6606;0,648309
5,4381;0,648309
26,9716;3,91757
26,2076;3,91757
33,7616;3,06401
33,5057;3,06401
29,4811;3,4939
28,0676;3,4939
35,2063;2,54083
37,2663;2,54083
35,152;2,64826
37,4451;2,64826
15,4473;1,89269
15,4018;1,89269
20,918;2,42083
21,4868;2,42083
1,57649;1,5288
1,028;1,5288
5,31771;2,12034
5,79753;2,12034
2,53203;1,532
0,949304;1,532
13,6741;2,07933
13,4354;2,07933
15,1966;2,15949
14,9653;2,15949
8,83882;1,18746
8,44165;1,18746
29,3605;1,60888
29,1237;1,60888
30,5038;1,69385
30,481;1,69385
30,8483;1,73416
30,9422;1,73416
1,35027;1,48556
0,840568;1,48556
1,64969;1,47565
1,14194;1,47565
7,17925;3,28432
7,51945;3,28432
12,5748;2,6085
13,3865;2,6085
18,7656;2,23625
19,1556;2,23625
19,0058;2,27116
19,4006;2,27116
22,2023;2,45925
22,923;2,45925
12,529;2,92041
12,3122;2,92041
28,0891;3,28742
28,4739;3,28742
35,1412;2,37017
35,7196;2,37017
36,418;2,21205
36,7699;2,21205
9,06918;0,517377
8,13844;0,517377
7,45588;1,33163
6,73625;1,33163
7,30688;1,33662
6,59085;1,33662
9,89636;0,74991
8,21295;0,74991
11,2477;0,63211
9,56209;0,63211
45,6341;1,86718
46,4943;1,86718
5,43491;1,36888
4,78799;1,36888
1,01588;1,77597
1,39377;1,77597
1,77345;1,52457
1,32743;1,52457
2,08709;1,42203
1,53404;1,42203
1,80285;2,10747
2,2304;2,10747
0,959311;2,05281
1,38248;2,05281
27,4804;3,44611
28,9465;3,44611
27,4634;3,44412
28,9335;3,44412
27,46;3,46306
28,9103;3,46306
27,3875;3,41679
28,8074;3,41679
32,1735;3,15802
33,5199;3,15802
2,85454;1,73844
4,63702;1,73844
18,2201;2,17178
18,576;2,17178
39,7043;2,18749
42,1126;2,18749
27,9277;2,85753
27,3722;2,85753
9,58052;0,591491
8,5983;0,591491
7,97024;0,725507
7,00201;0,725507
27,8009;2,94504
27,7653;2,94504
11,6996;2,80205
10,9583;2,80205
10,8;1,71703
10,7452;1,71703
9,62561;2,63151
9,39835;2,63151
12,5017;2,92034
12,2656;2,92034
8,81509;1,99321
8,9528;1,99321
28,6079;3,6657
29,2521;3,6657
32,8991;3,09642
34,4085;3,09642
33,7139;2,55971
34,9376;2,55971
14,2184;2,87535
15,1774;2,87535
29,6307;3,45292
31,4399;3,45292
1,5989;1,77696
2,02714;1,77696
7,58709;0,724698
6,62669;0,724698
5,98382;1,4379
5,35293;1,4379
6,37404;0,577769
5,50013;0,577769
5,1261;1,05072
4,25306;1,05072
1,71749;1,01298
0,927959;1,01298
1,236;1,30116
0,67038;1,30116
28,0079;3,41868
29,1699;3,41868
39,7819;2,19776
40,8492;2,19776
28,2672;3,54315
28,8941;3,54315
8,57989;0,720908
9,24279;0,720908
17,5111;1,2842
16,535;1,2842
20,078;1,34071
18,917;1,34071
1,36014;1,03458
0,605259;1,03458
38,0927;2,01421
40,2606;2,01421
39,3522;1,91602
40,2087;1,91602
18,4802;2,1866
18,4697;2,1866
18,6858;2,19348
18,7054;2,19348
18,8961;2,20913
18,9636;2,20913
28,0272;3,55011
29,9304;3,55011
3,89292;1,60364
5,65921;1,60364
36,178;1,82166
36,3673;1,82166
36,6339;2,07556
36,8697;2,07556
4,7748;1,22237
4,05254;1,22237
12,2401;2,70704
12,9669;2,70704
7,62361;0,678685
6,67108;0,678685
7,26211;0,752515
6,2936;0,752515
7,69605;0,761047
6,14495;0,761047
4,61125;2,07679
5,08892;2,07679
9,09186;3,30162
9,28775;3,30162
28,0339;3,54099
29,957;3,54099
16,3025;1,82091
15,7909;1,82091
22,9712;2,18445
22,4929;2,18445
9,01156;3,37255
8,09551;3,37255
9,02047;3,37742
8,12055;3,37742
5,03182;1,48359
3,48515;1,48359
26,8513;3,06216
27,9809;3,06216
27,2288;3,30873
28,3898;3,30873
27,6379;2,88066
28,7871;2,88066
27,798;2,95532
30,2177;2,95532
9,13906;0,585506
8,16933;0,585506
5,95205;1,34944
5,29178;1,34944
0,871601;1,95435
1,19701;1,95435
1,21204;1,72249
0,424837;1,72249
1,20362;1,72714
0,722917;1,72714
40,0666;2,24838
41,0378;2,24838
10,6192;2,68292
10,6434;2,68292
7,91555;1,62027
7,91476;1,62027
9,6709;1,69293
9,58702;1,69293
4,78676;1,26857
4,0999;1,26857
5,58287;0,865019
4,62356;0,865019
6,34358;0,724157
5,37549;0,724157
3,56092;2,11544
3,92744;2,11544
32,3145;2,05852
34,1968;2,05852
2,81609;1,41637
2,26008;1,41637
2,66369;1,41485
2,10402;1,41485
5,25106;1,11943
4,48372;1,11943
5,63902;1,16298
4,05502;1,16298
7,73566;2,48617
7,41049;2,48617
11,9976;0,686426
12,3091;0,686426
26,377;2,46545
25,6592;2,46545
22,0152;2,54952
22,6905;2,54952
22,041;2,55175
22,7273;2,55175
50,6641;1,08065
53,0837;1,08065
4,35712;0,637044
6,48511;0,637044
5,99121;0,766172
5,0106;0,766172
39,8125;2,46315
40,877;2,46315
6,34205;0,832513
5,37524;0,832513
5,4804;0,943776
1,39204;0,943776
40,0863;2,34092
40,9505;2,34092
0,31367;1,78356
0,148673;1,78356
4,87609;0,954906
4,05269;0,954906
2,31013;0,567862
4,38898;0,567862
1,46972;1,89857
1,89316;1,89857
0,970843;1,95685
1,31178;1,95685
35,2617;2,14338
37,232;2,14338
35,3907;2,52538
36,2135;2,52538
4,46114;1,44496
3,88194;1,44496
3,38498;1,51051
2,85227;1,51051
3,84451;1,30746
2,33789;1,30746
3,70186;1,3094
2,19723;1,3094
41,3198;2,11322
43,1744;2,11322
41,0752;2,02854
42,9917;2,02854
24,0094;2,39784
24,1867;2,39784
7,44158;2,47915
8,32447;2,47915
4,6264;1,97278
5,01304;1,97278
32,4898;3,30014
32,9009;3,30014
1,46482;1,57483
0,134156;1,57483
4,65706;1,61022
4,21216;1,61022
3,39736;1,35089
1,88307;1,35089
39,7953;2,0845
40,8318;2,0845
39,8269;2,46387
40,8756;2,46387
2,15765;1,82252
2,54689;1,82252
12,6302;2,91752
12,5008;2,91752
12,6589;2,91551
12,5595;2,91551
38,9916;1,79024
41,0593;1,79024
40,2348;1,65918
42,3081;1,65918
2,32575;0,574713
4,40978;0,574713
6,10231;0,793029
8,17412;0,793029
5,34228;0,718461
7,42657;0,718461
19,2426;0,752775
21,1585;0,752775
40,1368;2,24376
41,058;2,24376
7,84419;3,25973
8,07959;3,25973
2,92198;1,42642
2,37926;1,42642
27,7537;3,55033
29,3774;3,55033
27,6491;3,50649
29,2407;3,50649
1,03273;1,77476
1,41484;1,77476
8,60037;0,620235
7,64895;0,620235
3,50825;1,29815
2,85457;1,29815
3,48145;1,3561
1,96419;1,3561
5,20227;0,706929
7,29588;0,706929
29,3062;3,639
30,1286;3,639
27,8569;2,88093
28,9937;2,88093
27,5193;3,6454
29,0979;3,6454
35,7126;2,20123
35,9587;2,20123
34,1709;2,13625
35,9884;2,13625
11,4873;2,83269
11,0316;2,83269
41,7294;1,80504
42,4217;1,80504
6,72603;2,65306
7,60463;2,65306
13,0664;1,82638
12,6306;1,82638
11,2819;2,08431
11,251;2,08431
25,2189;2,58051
24,5943;2,58051
24,3967;2,73638
25,3407;2,73638
31,2435;3,12211
32,927;3,12211
31,6115;3,26968
32,1757;3,26968
5,97726;1,17153
4,37447;1,17153
28,3874;3,93024
29,3727;3,93024
34,3733;2,45352
35,3847;2,45352
34,3963;2,55589
35,4313;2,55589
17,1299;0,99485
15,9055;0,99485
20,0462;1,00464
21,798;1,00464
9,97633;2,29959
10,4566;2,29959
10,5803;2,21311
10,9385;2,21311
29,026;3,22076
29,1425;3,22076
20,3353;2,7846
21,1804;2,7846
24,5351;2,57405
23,567;2,57405
7,31147;1,68864
7,21206;1,68864
10,2641;1,7088
9,91365;1,7088
7,04361;1,23606
5,45379;1,23606
12,796;0,903956
14,6882;0,903956
12,3056;1,04624
13,867;1,04624
3,20792;2,18041
3,97235;2,18041
27,9493;3,03132
28,0318;3,03132
28,223;3,17928
29,611;3,17928
30,7496;1,75758
30,777;1,75758
6,87376;0,597089
6,01858;0,597089
0,921801;1,36602
0,39604;1,36602
1,49348;1,54763
0,950237;1,54763
24,9333;2,44849
25,389;2,44849
29,9659;3,47316
30,6092;3,47316
28,301;3,79411
30,3685;3,79411
10,4231;1,13004
10,1247;1,13004
31,5591;1,82799
31,8289;1,82799
10,3139;3,07689
9,92763;3,07689
8,53537;2,56071
9,22683;2,56071
7,73626;2,73838
8,70879;2,73838
20,5506;2,40428
21,1086;2,40428
16,5775;0,895256
15,6261;0,895256
45,722;1,8592
46,5409;1,8592
38,6419;1,17002
38,647;1,17002
27,3789;3,21479
28,6551;3,21479
35,2375;2,61142
37,6289;2,61142
35,2868;2,58422
36,4597;2,58422
35,4401;2,78418
37,6685;2,78418
3,2819;0,682136
5,34776;0,682136
0,766377;1,8497
0,410835;1,8497
5,48512;2,33297
6,32639;2,33297
27,5364;3,51318
29,1641;3,51318
27,5127;3,3503
27,9521;3,3503
14,3241;1,85192
14,3056;1,85192
9,20267;1,88689
9,20121;1,88689
17,9953;2,19945
18,3266;2,19945
3,20386;1,66331
3,47656;1,66331
2,57913;1,41748
2,02105;1,41748
0,486355;1,68725
0,955089;1,68725
28,0546;3,25221
28,4578;3,25221
5,38784;2,13056
5,85672;2,13056
6,04784;0,774302
5,06825;0,774302
5,31588;1,18416
3,73986;1,18416
19,1165;0,750171
21,0453;0,750171
5,84186;0,974781
4,9159;0,974781
0,41194;1,63901
0,782784;1,63901
39,7143;2,18955
42,1052;2,18955
39,8632;2,46418
40,872;2,46418
0,859262;1,95475
1,17968;1,95475
7,30067;0,828979
9,26709;0,828979
33,414;1,04792
31,7318;1,04792
4,66764;1,19354
3,17551;1,19354
9,79115;0,519265
8,91072;0,519265
36,1444;1,71464
35,8304;1,71464
8,58713;0,532658
7,67102;0,532658
40,515;2,10375
41,269;2,10375
35,7486;2,4184
36,2401;2,4184
27,6825;2,81918
27,3617;2,81918
35,1001;2,45559
37,2636;2,45559
27,9576;3,14006
28,1088;3,14006
26,4855;2,78122
26,9658;2,78122
34,7006;2,25967
35,0324;2,25967
23,756;2,6189
24,655;2,6189
7,53361;2,94198
7,17752;2,94198
11,9195;2,55918
12,6763;2,55918
17,7303;2,88235
16,9967;2,88235
32,3741;1,3176
34,0977;1,3176
37,7884;1,48424
39,5964;1,48424
27,8311;1,15165
29,5104;1,15165
32,9075;1,16785
32,127;1,16785
39,1486;1,50259
39,6104;1,50259
50,3903;1,50948
52,9103;1,50948
40,4291;2,06023
41,5498;2,06023
10,9628;2,10905
11,1272;2,10905
33,5897;2,92483
35,0915;2,92483
34,6607;2,86471
36,0162;2,86471
33,5636;2,8812
34,989;2,8812
28,1312;3,66896
28,9696;3,66896
33,0814;3,11232
34,6557;3,11232
32,0473;3,10898
33,4375;3,10898
33,1725;2,95353
34,6658;2,95353
32,3627;3,13719
32,8262;3,13719
35,141;2,60166
36,0065;2,60166
