7,42088;2,14411
5,46969;2,14411
14,3067;1,2718
15,1123;1,2718
2,5532;1,9107
3,04441;1,9107
34,0557;4,19152
33,4253;4,19152
26,5402;2,96108
26,1685;2,96108
26,566;2,88799
25,1682;2,88799
31,4691;1,08661
31,244;1,08661
5,17243;2,02507
3,34443;2,02507
9,92511;2,13148
2,67832;2,13148
12,3979;1,46767
12,1413;1,46767
48,2991;4,31924
41,8382;4,31924
34,9572;4,10537
33,4637;4,10537
5,39885;1,05758
2,73402;1,05758
6,79131;1,07447
3,48315;1,07447
4,0528;1,93492
4,77927;1,93492
4,34077;1,60498
4,63602;1,60498
43,9858;4,33874
44,426;4,33874
44,4795;4,59917
42,1512;4,59917
12,8176;0,642853
13,0364;0,642853
12,4075;0,649817
14,1904;0,649817
30,7464;4,07597
30,7755;4,07597
54,5113;2,82965
49,5466;2,82965
6,09254;2,03298
0,474275;2,03298
5,03229;1,99204
0,454384;1,99204
5,31609;2,00379
0,17415;2,00379
20,2256;0,885586
21,6489;0,885586
0,584708;1,71018
6,36664;1,71018
0,255957;1,73596
5,64004;1,73596
1,78308;1,93229
0,753992;1,93229
65,0299;1,04361
59,7636;1,04361
0,538618;1,57768
6,27421;1,57768
0,0673946;0,997992
0,798996;0,997992
4,76422;1,0598
2,34142;1,0598
9,03054;0,748866
11,192;0,748866
12,6948;0,640108
14,4811;0,640108
7,45936;1,5238
9,05309;1,5238
7,23911;1,63159
8,2988;1,63159
5,66364;1,69212
6,62558;1,69212
7,03292;1,63315
8,20349;1,63315
11,0488;1,4143
12,4183;1,4143
23,2255;0,750171
27,5535;0,750171
11,6624;1,341
14,0397;1,341
12,6162;1,33031
14,4858;1,33031
13,5426;0,526004
15,2493;0,526004
6,66187;2,06886
0,905484;2,06886
28,3349;0,96874
23,0457;0,96874
50,1484;3,6179
44,5375;3,6179
25,1464;2,85252
24,9067;2,85252
25,2728;2,86198
25,0869;2,86198
47,2948;3,84609
43,2461;3,84609
59,216;2,53296
54,7988;2,53296
5,38709;3,59461
6,16218;3,59461
9,4612;0,600357
12,4335;0,600357
0,172117;1,92224
0,836035;1,92224
13,6646;1,29875
14,629;1,29875
8,67475;2,70052
9,364;2,70052
18,0223;2,36331
17,4238;2,36331
6,43663;1,88388
5,51596;1,88388
7,77918;1,75178
8,52468;1,75178
4,84387;1,81402
5,57636;1,81402
30,464;1,08625
24,5901;1,08625
16,3797;2,75669
15,3897;2,75669
7,41732;2,72426
8,16005;2,72426
22,3659;2,92342
22,8449;2,92342
5,564;2,69377
6,21008;2,69377
14,9809;2,42527
5,94112;2,42527
32,6416;1,73054
24,0977;1,73054
8,72873;1,45508
11,0031;1,45508
28,1383;3,18985
27,6063;3,18985
10,1359;2,15885
1,77652;2,15885
14,7744;0,473126
16,2798;0,473126
13,369;0,486583
14,9978;0,486583
47,0729;4,54864
41,6188;4,54864
0,967917;1,74428
5,4088;1,74428
11,8272;2,67166
12,3597;2,67166
10,3807;2,70414
11,0877;2,70414
5,37369;1,77443
6,14615;1,77443
44,1666;4,46537
41,9765;4,46537
42,8539;4,47733
42,1759;4,47733
27,9913;0,606518
29,0487;0,606518
21,8116;0,802107
23,1827;0,802107
12,6254;2,30044
12,692;2,30044
38,0438;2,15268
36,8835;2,15268
38,1482;2,16048
37,0143;2,16048
3,81849;1,93977
1,26188;1,93977
8,14653;2,04018
1,09209;2,04018
9,21691;1,92
8,14275;1,92
4,80097;3,09237
5,72558;3,09237
0,859901;1,87659
1,59926;1,87659
4,24371;1,57806
9,65335;1,57806
22,7914;1,12587
24,2641;1,12587
20,9309;1,17387
22,4854;1,17387
1,42815;1,99204
0,78659;1,99204
0,54522;1,9436
0,182394;1,9436
0,041307;1,9261
0,69215;1,9261
0,118295;2,02932
0,344783;2,02932
10,5794;2,17745
2,4526;2,17745
3,67242;0,607807
6,28301;0,607807
35,0824;4,19946
33,5715;4,19946
54,6024;3,21059
49,6871;3,21059
54,4961;3,22489
49,6295;3,22489
21,757;0,806486
23,1293;0,806486
9,42358;1,405
12,4562;1,405
6,08196;1,5184
9,73633;1,5184
6,08281;1,75658
6,91314;1,75658
0,672887;1,75647
5,07356;1,75647
1,28082;2,3516
2,21189;2,3516
2,24371;1,67865
4,0683;1,67865
7,43772;1,52033
9,07256;1,52033
5,52922;2,00896
0,0824899;2,00896
7,83969;2,14101
7,79418;2,14101
53,4556;3,36482
48,7256;3,36482
22,9547;2,72412
23,085;2,72412
23,558;2,79918
23,7914;2,79918
7,55858;2,12983
5,81475;2,12983
20,7027;2,48317
18,5634;2,48317
15,5373;2,67328
16,1437;2,67328
4,63058;2,51201
5,13034;2,51201
7,14088;2,58096
6,20422;2,58096
2,49114;1,99802
2,8549;1,99802
3,91753;2,00399
2,79234;2,00399
6,10517;2,85108
5,45717;2,85108
27,292;2,9198
27,2869;2,9198
45,1979;4,468
41,2767;4,468
7,03211;2,07698
1,00564;2,07698
49,0644;1,64318
43,013;1,64318
7,13876;1,46834
11,0248;1,46834
15,679;1,25211
17,3736;1,25211
51,3334;3,53003
45,2022;3,53003
2,45963;1,8266
3,05923;1,8266
48,2891;4,28743
41,785;4,28743
31,132;3,85011
31,7086;3,85011
9,86777;2,80163
10,6647;2,80163
7,45558;2,60452
8,05401;2,60452
17,788;2,50124
17,9711;2,50124
22,3242;2,93171
22,8412;2,93171
53,6719;3,35211
48,6853;3,35211
14,5694;1,21273
17,0299;1,21273
42,1927;1,84864
34,1829;1,84864
43,6998;2,15341
35,6976;2,15341
14,2566;1,28054
15,9557;1,28054
49,3922;1,86288
46,4533;1,86288
5,2466;1,99469
0,0532491;1,99469
48,6271;4,24888
41,9151;4,24888
48,3196;3,91637
43,1759;3,91637
4,25292;1,56348
5,41307;1,56348
49,2843;4,14685
44,5866;4,14685
11,2918;2,21355
2,80803;2,21355
11,9553;1,53672
13,0055;1,53672
10,48;1,59667
11,5309;1,59667
0,621737;1,99665
0,970728;1,99665
1,84726;2,11868
1,54279;2,11868
6,79367;2,67218
7,44596;2,67218
10,5243;2,16338
2,90208;2,16338
4,14875;1,71018
5,55787;1,71018
13,6241;1,68934
18,3206;1,68934
7,27179;1,70203
8,09718;1,70203
1,37725;1,96633
1,85049;1,96633
26,6766;2,96385
26,1458;2,96385
18,965;0,504354
21,8285;0,504354
13,152;1,41014
14,549;1,41014
9,55625;1,54611
10,7748;1,54611
61,8279;0,930622
55,9259;0,930622
21,3538;1,06514
22,0927;1,06514
11,7178;1,32604
13,6485;1,32604
12,9798;1,39718
13,1354;1,39718
1,73958;1,80168
3,29972;1,80168
56,5293;3,25426
52,0659;3,25426
55,9479;3,048
51,7878;3,048
49,2041;4,16217
44,5599;4,16217
23,8714;2,75435
23,8601;2,75435
18,7496;2,78923
17,6326;2,78923
54,5223;2,46299
50,4072;2,46299
49,2991;2,15631
45,5925;2,15631
28,3969;3,22889
27,9478;3,22889
20,8516;2,51653
21,7262;2,51653
2,85827;1,87221
2,1952;1,87221
1,2279;1,97586
3,1053;1,97586
5,62192;1,78103
4,72248;1,78103
5,28511;2,66609
4,34224;2,66609
3,72897;2,23502
3,71633;2,23502
1,52207;2,39923
0,260273;2,39923
