22,8706;2,8869
22,5682;2,8869
19,2811;1,26733
17,0754;1,26733
19,4749;1,26749
17,2519;1,26749
14,866;3,47902
14,7463;3,47902
9,4066;0,797703
16,0875;0,797703
12,522;3,29711
11,3663;3,29711
13,1877;3,36296
12,0267;3,36296
24,733;2,53057
24,0069;2,53057
24,7227;2,53095
23,9903;2,53095
11,7557;0,745986
19,842;0,745986
22,9425;1,76946
19,0063;1,76946
27,8878;1,9882
23,7985;1,9882
15,1257;4,16866
15,4262;4,16866
13,4182;3,76993
12,4592;3,76993
19,9742;1,7658
15,63;1,7658
21,3289;1,82134
17,1002;1,82134
37,5735;2,40867
35,7074;2,40867
39,0022;2,45352
35,1005;2,45352
13,7049;3,74015
13,7271;3,74015
26,1589;2,69152
23,9432;2,69152
23,5676;2,65866
25,913;2,65866
13,4935;3,48189
13,4419;3,48189
43,7767;1,52418
38,54;1,52418
34,4209;2,426
34,1985;2,426
27,7521;2,38639
27,6539;2,38639
28,0523;2,96445
27,9079;2,96445
36,4993;2,87181
34,4012;2,87181
20,119;2,28088
20,1063;2,28088
49,0395;1,7699
44,5019;1,7699
45,5741;2,13753
43,989;2,13753
15,2885;3,56755
14,1274;3,56755
18,1269;2,69907
17,5184;2,69907
8,73834;0,811083
13,7358;0,811083
23,3122;2,77608
22,8644;2,77608
37,7254;2,93598
34,8955;2,93598
35,2386;2,99539
34,3172;2,99539
14,6897;3,45536
12,9121;3,45536
15,1139;1,47419
10,7897;1,47419
18,7195;1,54015
17,4782;1,54015
2,452;0,941076
5,06834;0,941076
14,751;3,92994
14,9536;3,92994
14,7521;3,93134
14,9459;3,93134
12,8184;4,43133
12,0491;4,43133
18,0682;3,01285
17,8079;3,01285
12,6694;4,4694
11,9066;4,4694
46,5223;2,07113
42,8072;2,07113
12,7476;4,55832
12,0801;4,55832
12,4284;4,47076
11,7559;4,47076
24,4449;2,31511
23,6488;2,31511
13,9031;3,5615
13,8599;3,5615
33,4516;3,10961
33,0773;3,10961
14,1827;3,87151
14,3859;3,87151
15,2724;3,63367
13,6356;3,63367
34,2371;2,96498
33,8593;2,96498
40,0895;2,46387
36,2232;2,46387
39,6061;2,46704
35,6976;2,46704
35,716;2,52336
34,3154;2,52336
29,9718;3,14236
28,708;3,14236
26,394;2,69021
23,7492;2,69021
24,3012;2,70949
21,3636;2,70949
27,7835;2,97078
25,1928;2,97078
30,114;3,01103
27,8215;3,01103
37,4858;2,7968
35,5785;2,7968
44,1187;2,02429
40,9539;2,02429
45,4836;2,13533
42,3694;2,13533
34,9017;2,07358
29,9685;2,07358
9,46176;2,03038
6,78011;2,03038
9,54831;2,02806
6,85379;2,02806
17,5127;1,85277
16,5922;1,85277
29,202;2,28653
25,537;2,28653
29,7768;2,28233
28,7924;2,28233
25,5036;2,16745
24,5042;2,16745
16,1638;4,00575
14,9839;4,00575
15,6791;3,9271
14,4057;3,9271
10,8262;1,03363
2,44876;1,03363
4,16626;1,70169
1,45822;1,70169
6,34179;1,77454
3,68347;1,77454
8,62499;1,23432
4,46842;1,23432
24,0147;2,79358
23,6892;2,79358
34,1181;2,34752
31,8644;2,34752
45,6135;2,13607
42,486;2,13607
45,7441;2,13652
42,6029;2,13652
14,306;0,750692
21,0054;0,750692
8,29064;0,8372
15,0858;0,8372
14,6987;0,754333
21,3915;0,754333
12,5542;4,71468
11,9988;4,71468
12,5118;4,72563
11,961;4,72563
12,5675;4,71684
12,0056;4,71684
28,6967;2,88914
25,9422;2,88914
14,0232;0,767703
20,8546;0,767703
40,5203;1,3445
35,0376;1,3445
13,7809;3,72857
12,4557;3,72857
37,0843;2,84221
34,2232;2,84221
6,54076;0,810359
14,7079;0,810359
3,63389;0,851798
11,7547;0,851798
14,1485;3,776
12,8535;3,776
16,9701;2,74224
14,425;2,74224
24,1371;2,97598
23,8215;2,97598
24,7752;0,693233
31,2958;0,693233
13,0176;4,84149
12,5648;4,84149
39,0918;2,65004
36,8489;2,65004
49,8386;2,42882
46,7209;2,42882
15,2585;2,35958
12,6632;2,35958
8,78884;2,02004
6,22371;2,02004
9,17409;2,01596
6,57009;2,01596
20,5487;1,2095
13,1506;1,2095
14,1381;3,91427
12,9294;3,91427
12,9469;3,89098
13,0583;3,89098
14,6404;3,977
14,9147;3,977
57,4687;1,92142
52,7086;1,92142
56,1831;1,58214
50,5191;1,58214
56,7819;1,57991
51,0287;1,57991
24,4884;0,695488
31,0133;0,695488
42,1291;0,550364
50,0405;0,550364
11,9945;3,27453
10,2459;3,27453
8,83786;0,80113
15,7753;0,80113
6,21869;0,820438
13,2214;0,820438
1,14482;0,870881
8,35957;0,870881
21,3744;2,69639
18,5633;2,69639
20,6765;2,64471
20,0627;2,64471
12,7156;4,31629
11,8934;4,31629
12,8974;4,16415
11,9529;4,16415
12,505;4,68655
11,9898;4,68655
23,0255;1,7731
21,7683;1,7731
23,1631;1,77023
21,889;1,77023
12,6666;3,35596
12,5231;3,35596
12,6364;3,35981
12,4824;3,35981
21,8926;1,9109
17,6433;1,9109
28,8621;3,00427
26,3673;3,00427
28,8249;3,01746
26,3084;3,01746
28,8999;3,00257
29,0367;3,00257
31,274;3,00954
29,0305;3,00954
28,4384;3,08274
25,3801;3,08274
26,3222;2,87896
23,3601;2,87896
35,0279;2,51116
33,7004;2,51116
34,8149;2,52732
32,8613;2,52732
33,8032;2,34343
31,5923;2,34343
47,8586;2,14046
44,4809;2,14046
48,2128;2,14576
44,7577;2,14576
27,3138;2,33196
26,5792;2,33196
16,2718;2,32498
15,6687;2,32498
17,8121;2,41127
17,1483;2,41127
24,2179;1,87972
22,9223;1,87972
24,219;1,87555
22,907;1,87555
21,2005;1,2758
13,8224;1,2758
19,8904;1,22828
12,5064;1,22828
33,6745;0,690122
39,1045;0,690122
5,43326;0,85638
12,4727;0,85638
11,2705;1,0453
6,02232;1,0453
14,6358;1,14364
9,31961;1,14364
8,24477;1,01568
11,4524;1,01568
46,7306;1,46954
41,4181;1,46954
51,8242;1,76769
46,8128;1,76769
23,7604;1,31671
18,4517;1,31671
23,6373;1,31849
18,2977;1,31849
27,7932;1,41042
22,7643;1,41042
37,485;1,32677
31,4736;1,32677
23,7525;2,80868
23,3996;2,80868
14,1109;3,51313
14,041;3,51313
12,2978;4,29455
11,4828;4,29455
13,8107;1,10942
8,98969;1,10942
35,4458;3,00231
34,469;3,00231
29,0879;2,26477
28,0689;2,26477
12,7865;4,81662
12,2508;4,81662
7,4514;1,95625
4,83531;1,95625
17,3603;0,756922
23,8491;0,756922
26,4314;2,28645
25,5641;2,28645
29,7714;2,31934
26,2174;2,31934
15,1008;3,99488
15,3722;3,99488
12,7459;4,44656
11,9842;4,44656
27,3285;2,32541
23,7172;2,32541
26,8719;2,29627
25,9834;2,29627
34,0899;2,97835
33,6834;2,97835
25,939;2,97736
25,7551;2,97736
37,2177;2,62547
35,7325;2,62547
25,2955;2,17042
24,3265;2,17042
15,3649;3,96595
15,5923;3,96595
3,34773;0,929149
5,51414;0,929149
30,1313;2,30546
26,4582;2,30546
46,1134;2,13662
42,9401;2,13662
34,4336;2,35185
32,1346;2,35185
35,737;2,54576
33,6325;2,54576
13,4587;4,16396
14,4547;4,16396
15,5631;3,94019
14,3479;3,94019
15,8324;3,98138
14,6035;3,98138
19,5707;1,76746
15,2552;1,76746
37,2256;2,80568
34,2393;2,80568
37,9128;2,80631
34,8847;2,80631
13,9158;3,70718
12,575;3,70718
14,4752;3,58315
13,0343;3,58315
12,7307;4,67047
12,1569;4,67047
14,849;3,5028
13,3023;3,5028
13,9365;3,81023
12,6744;3,81023
0,647819;0,888234
7,70586;0,888234
14,7292;3,92999
14,9485;3,92999
23,2082;0,676086
29,7609;0,676086
29,7304;1,13505
23,4021;1,13505
25,7615;1,41886
20,367;1,41886
57,9886;1,57632
52,0138;1,57632
10,4271;0,922173
14,1589;0,922173
9,68558;0,93377
13,3214;0,93377
1,85909;1,02565
7,99559;1,02565
10,0694;0,838835
16,8469;0,838835
17,7317;0,748604
24,2538;0,748604
8,40124;1,0178
11,6293;1,0178
11,5442;1,39465
7,90553;1,39465
8,21762;1,27057
4,53322;1,27057
9,65481;1,38818
6,01027;1,38818
3,63627;1,1154
0,520194;1,1154
7,07614;1,37216
9,75116;1,37216
7,53702;0,938995
2,37201;0,938995
16,8381;0,737279
23,3435;0,737279
3,04834;0,838601
10,1197;0,838601
2,40615;0,91941
4,72132;0,91941
7,25089;1,01491
0,00630634;1,01491
15,6388;4,00634
14,4369;4,00634
19,4777;3,00172
19,1742;3,00172
22,5551;1,77751
21,3304;1,77751
25,1648;2,34694
24,4099;2,34694
22,0294;2,69617
19,0863;2,69617
28,2384;2,39465
27,3182;2,39465
23,6674;2,45479
22,9878;2,45479
23,6646;2,44657
22,9478;2,44657
20,9233;2,56338
20,3413;2,56338
25,2889;2,18176
24,3743;2,18176
12,7521;3,31482
11,1039;3,31482
13,4148;3,35509
11,7223;3,35509
13,6157;3,32514
11,8903;3,32514
15,2422;3,72463
13,7935;3,72463
14,4071;3,73528
13,0813;3,73528
14,9112;3,41736
13,246;3,41736
14,8465;3,50152
13,2917;3,50152
14,285;3,40231
14,1757;3,40231
15,7848;3,41105
14,0382;3,41105
15,3605;2,3035
14,7951;2,3035
14,2463;2,24707
11,5049;2,24707
15,571;2,313
12,8664;2,313
19,3559;1,82413
15,2396;1,82413
21,3806;1,64497
20,0695;1,64497
17,3325;1,83611
16,4025;1,83611
16,4329;2,56796
15,7994;2,56796
17,2163;2,03625
16,3415;2,03625
19,8151;2,5496
16,9448;2,5496
14,446;2,33263
11,8062;2,33263
32,842;3,18451
32,8054;3,18451
36,5342;3,0377
33,9442;3,0377
34,7261;3,09105
32,3921;3,09105
36,6199;2,97322
35,0478;2,97322
30,9095;3,33431
30,5016;3,33431
47,469;2,14119
44,1336;2,14119
35,8704;2,54699
33,7474;2,54699
55,6855;1,99341
51,1281;1,99341
36,0781;2,95506
35,416;2,95506
40,0064;2,50523
38,1947;2,50523
35,987;2,82937
33,9879;2,82937
36,9053;2,80659
34,2281;2,80659
38,7099;2,75442
36,3188;2,75442
38,8733;2,61621
36,7201;2,61621
26,1372;2,96075
23,5518;2,96075
12,9691;4,82674
12,5426;4,82674
21,7316;2,70631
21,3409;2,70631
28,8568;3,06746
26,3109;3,06746
33,4183;3,10514
31,3084;3,10514
38,6084;2,75641
36,0224;2,75641
35,4172;2,60789
34,0118;2,60789
55,5438;1,94461
54,7884;1,94461
36,5605;2,67547
34,8237;2,67547
36,1112;2,88174
32,7915;2,88174
22,0144;1,67596
17,8729;1,67596
12,1872;2,11803
11,7148;2,11803
13,4327;2,36364
12,8388;2,36364
11,0624;2,08863
8,32521;2,08863
16,8734;2,47986
16,2328;2,47986
13,5395;3,0665
13,3182;3,0665
16,5221;2,95466
16,0879;2,95466
13,5712;3,05723
13,3361;3,05723
17,8485;2,54268
17,3007;2,54268
18,0168;3,10394
15,84;3,10394
25,1186;2,31714
21,2387;2,31714
18,4635;2,86444
18,0313;2,86444
14,6207;1,43409
10,2199;1,43409
9,37706;1,17852
4,67127;1,17852
40,6462;1,97358
34,1064;1,97358
45,2696;1,43899
42,973;1,43899
1,9812;0,891313
7,05141;0,891313
39,5314;2,5003
36,8981;2,5003
42,6649;2,5827
40,203;2,5827
