18,7374;2,95168
18,6408;2,95168
23,784;1,50792
22,41;1,50792
10,647;2,14357
8,85964;2,14357
58,701;3,44367
59,287;3,44367
40,7581;2,17906
37,4505;2,17906
40,5796;2,16465
37,1097;2,16465
19,8033;3,67056
19,176;3,67056
16,487;3,02427
15,4256;3,02427
16,2192;2,97421
15,3611;2,97421
18,04;3,34334
17,549;3,34334
17,7712;3,30251
17,2106;3,30251
44,7462;2,89976
45,1603;2,89976
2,29435;1,60937
2,31738;1,60937
22,9888;1,32264
22,511;1,32264
27,7964;1,21418
26,9197;1,21418
23,1447;1,40207
22,8459;1,40207
35,5533;1,18002
32,1737;1,18002
27,5463;1,20187
26,6923;1,20187
25,8433;1,23385
25,2477;1,23385
63,1135;1,62871
59,3947;1,62871
18,4145;1,78136
18,0283;1,78136
20,1714;3,49782
20,0384;3,49782
18,3478;3,4897
20,0032;3,4897
55,6017;3,10678
56,2639;3,10678
24,4209;1,30386
23,9959;1,30386
18,936;3,54547
20,0206;3,54547
11,5863;2,25203
10,1975;2,25203
9,12666;1,96094
5,91975;1,96094
54,0774;1,68435
52,4515;1,68435
22,4987;1,54788
22,1922;1,54788
20,2952;1,75011
19,167;1,75011
39,2326;1,39437
37,0796;1,39437
17,5925;1,465
17,8908;1,465
12,7697;1,79722
13,4439;1,79722
36,1476;0,887352
34,4845;0,887352
38,3924;0,85455
36,366;0,85455
50,7299;2,14576
47,5819;2,14576
3,9448;1,67304
2,29774;1,67304
11,2938;1,85688
12,0806;1,85688
9,62187;1,91622
10,5357;1,91622
22,541;1,40221
22,5697;1,40221
27,2752;1,09182
27,8206;1,09182
8,18526;2,28088
7,84477;2,28088
20,3297;1,72884
20,151;1,72884
61,3662;3,36511
62,4199;3,36511
59,0382;3,10734
56,2851;3,10734
59,2288;3,12531
60,0337;3,12531
61,8873;2,90764
62,4455;2,90764
14,2313;2,64064
13,0783;2,64064
19,5303;3,65618
19,2698;3,65618
18,9581;2,81146
17,1592;2,81146
19,8975;2,90488
18,054;2,90488
52,4227;1,48767
42,5306;1,48767
38,9936;1,22669
31,8059;1,22669
39,3688;1,24976
32,5902;1,24976
41,0357;2,79897
41,3617;2,79897
56,2145;2,45304
56,1378;2,45304
42,2757;3,63626
41,1857;3,63626
41,7478;3,55853
43,5524;3,55853
14,9088;2,58778
13,8372;2,58778
19,7805;1,63972
19,8107;1,63972
12,7362;1,83643
9,37667;1,83643
41,2746;1,4379
38,3313;1,4379
9,80485;2,08253
8,17548;2,08253
10,1654;2,09798
8,63;2,09798
27,2763;0,750692
26,6301;0,750692
9,42723;1,06496
10,8144;1,06496
53,3329;0,557429
49,6824;0,557429
52,6253;0,555319
50,1842;0,555319
9,07084;1,07684
10,3272;1,07684
16,3162;0,924715
16,8886;0,924715
6,21562;1,45576
6,27843;1,45576
17,5553;1,75647
17,6391;1,75647
30,2124;1,31879
28,8877;1,31879
30,1362;1,30866
28,7852;1,30866
39,5677;1,47618
37,6551;1,47618
37,5249;1,63063
33,4386;1,63063
21,1674;1,69685
20,8679;1,69685
11,5131;2,23712
9,73444;2,23712
27,8045;1,42409
27,5308;1,42409
18,9275;3,5431
18,5807;3,5431
49,5973;3,25474
47,0005;3,25474
49,6437;3,2566
47,0208;3,2566
39,3187;2,18454
37,8606;2,18454
27,3772;1,02774
24,9829;1,02774
2,82457;1,62486
1,2489;1,62486
7,00215;1,86729
5,26936;1,86729
6,37888;1,79439
4,81008;1,79439
14,5135;1,55192
14,1518;1,55192
23,2902;1,25865
23,1845;1,25865
23,1304;1,27702
22,9785;1,27702
20,8535;1,31745
21,0269;1,31745
58,3306;3,33396
58,8049;3,33396
58,7945;3,45615
59,3996;3,45615
58,7657;3,46413
59,3935;3,46413
15,9085;2,7765
14,5709;2,7765
14,4562;2,7919
14,8295;2,7919
55,9669;3,21619
56,8298;3,21619
3,07946;1,55116
3,15863;1,55116
4,64508;1,50714
4,5198;1,50714
21,12;3,61222
20,434;3,61222
39,8403;2,14357
36,573;2,14357
55,6372;2,48475
55,853;2,48475
62,9877;1,86141
60,4869;1,86141
73,2291;2,16663
72,2472;2,16663
55,351;3,49961
59,8519;3,49961
20,0565;3,39454
19,6154;3,39454
16,519;3,03215
15,5277;3,03215
59,1067;3,28932
58,1562;3,28932
58,8153;3,19929
61,465;3,19929
59,2052;3,29794
58,3168;3,29794
62,359;2,97473
62,3141;2,97473
70,8071;2,9688
70,3672;2,9688
59,3413;3,18641
61,3008;3,18641
38,9993;3,57648
41,2228;3,57648
50,4268;3,59864
49,7767;3,59864
24,014;1,45831
23,7465;1,45831
26,3783;1,40054
26,1453;1,40054
20,249;1,73472
19,9534;1,73472
38,2563;0,972772
37,1437;0,972772
22,364;1,74338
21,3802;1,74338
16,8158;1,91377
16,6671;1,91377
12,4437;1,32264
10,9886;1,32264
2,0654;1,71464
2,06338;1,71464
10,9249;1,6365
10,6839;1,6365
12,9194;2,32212
11,3705;2,32212
34,3199;0,96773
34,1619;0,96773
14,9858;1,27564
15,7641;1,27564
9,51972;1,92326
10,4163;1,92326
16,9382;1,66142
17,3477;1,66142
11,7642;1,83504
12,4613;1,83504
9,84751;1,74159
10,7688;1,74159
8,82433;1,69119
9,79597;1,69119
55,0773;2,27899
48,761;2,27899
53,1276;2,65092
51,0562;2,65092
43,3017;1,43381
36,7737;1,43381
52,4609;0,535223
48,5145;0,535223
10,3588;1,73821
11,2392;1,73821
15,2784;2,52941
14,8483;2,52941
7,69674;1,90475
5,58908;1,90475
12,8994;1,59127
12,6063;1,59127
62,4367;3,05947
60,4685;3,05947
55,7625;3,25552
57,4347;3,25552
58,8462;3,30085
62,4726;3,30085
20,4114;3,22252
20,7282;3,22252
16,9434;3,15294
15,9896;3,15294
61,107;3,30944
65,9007;3,30944
61,425;3,36179
62,7046;3,36179
35,2428;1,38593
30,8875;1,38593
7,61216;0,664996
2,04175;0,664996
68,9003;3,27261
69,7102;3,27261
47,5051;3,59118
49,5579;3,59118
33,7353;1,01375
25,277;1,01375
