22,6015;2,8869
22,9002;2,8869
14,532;3,47902
15,172;3,47902
36,6518;2,40867
33,1425;2,40867
28,5771;2,45352
27,4555;2,45352
12,8261;3,29711
11,0947;3,29711
13,3827;3,36296
11,6914;3,36296
24,3218;2,53057
24,5736;2,53057
24,7239;2,53095
23,9865;2,53095
8,50692;0,745986
15,5099;0,745986
13,7078;3,74015
13,7238;3,74015
46,3052;1,76946
44,1948;1,76946
27,886;1,9882
23,7722;1,9882
14,9309;4,16866
15,7274;4,16866
20,038;1,7658
15,6057;1,7658
21,3562;1,82134
17,0418;1,82134
26,0591;2,69152
24,1633;2,69152
13,5326;3,76993
12,2419;3,76993
23,4018;2,65866
26,1257;2,65866
12,8341;3,48189
13,7265;3,48189
41,92;1,52418
37,373;1,52418
32,524;2,426
32,4791;2,426
27,5647;2,38639
27,8857;2,38639
19,0541;1,26733
17,3988;1,26733
19,287;1,26749
17,6315;1,26749
17,628;2,69907
18,05;2,69907
35,2956;2,87181
33,3029;2,87181
24,301;2,70949
21,3562;2,70949
20,3527;2,28088
20,6414;2,28088
28,0063;2,96445
27,8453;2,96445
23,3135;2,77608
22,8635;2,77608
15,4089;3,56755
13,8223;3,56755
2,85869;0,941076
4,2666;0,941076
6,75491;0,797703
12,6457;0,797703
46,1197;1,7699
42,0645;1,7699
42,5473;2,13753
41,3061;2,13753
14,4732;1,47419
12,2867;1,47419
36,3539;2,93598
33,7142;2,93598
14,6932;3,45536
12,9054;3,45536
18,8974;1,54015
17,4307;1,54015
4,28774;0,811083
8,88126;0,811083
14,7529;3,92994
14,9527;3,92994
14,754;3,93134
14,945;3,93134
12,8206;4,43133
12,0474;4,43133
18,0711;3,01285
17,7941;3,01285
12,6716;4,4694
11,9049;4,4694
43,4146;2,07113
40,0792;2,07113
12,7498;4,55832
12,079;4,55832
12,4307;4,47076
11,7539;4,47076
24,4462;2,31511
23,6295;2,31511
13,9066;3,5615
13,8561;3,5615
32,7511;3,10961
32,2879;3,10961
34,4209;2,99539
33,4251;2,99539
14,185;3,87151
14,3838;3,87151
33,2827;2,96498
32,8054;2,96498
37,7173;2,46387
34,4176;2,46387
37,3082;2,46704
33,9596;2,46704
34,3411;2,52336
32,9961;2,52336
29,7824;3,14236
28,5188;3,14236
27,7178;2,97078
25,1634;2,97078
29,9905;3,01103
27,7341;3,01103
26,3772;2,69021
23,7493;2,69021
36,034;2,7968
34,2355;2,7968
42,1147;2,02429
39,1447;2,02429
43,0499;2,13533
40,1003;2,13533
33,7212;2,07358
29,2867;2,07358
15,2745;3,63367
13,6312;3,63367
9,8977;2,03038
7,1158;2,03038
9,97514;2,02806
7,18222;2,02806
17,652;1,85277
16,5531;1,85277
29,1949;2,28653
25,5299;2,28653
29,7482;2,28233
28,7759;2,28233
25,505;2,16745
24,4876;2,16745
16,1655;4,00575
14,9835;4,00575
15,6809;3,9271
14,404;3,9271
10,8833;1,03363
2,70818;1,03363
5,13958;1,70169
2,33556;1,70169
6,98361;1,77454
4,23848;1,77454
9,79155;1,23432
5,57476;1,23432
24,0156;2,79358
23,6898;2,79358
13,263;4,80669
16,2931;4,80669
33,0895;2,34752
30,9792;2,34752
43,1358;2,13607
40,1745;2,13607
43,2221;2,13652
40,2488;2,13652
8,52841;0,750692
14,3261;0,750692
4,67733;0,8372
10,5883;0,8372
8,75832;0,754333
14,5481;0,754333
12,5563;4,71468
11,9982;4,71468
12,5139;4,72563
11,9604;4,72563
12,5696;4,71684
12,005;4,71684
28,6113;2,88914
25,9037;2,88914
8,7024;0,767703
14,563;0,767703
39,4288;1,3445
34,526;1,3445
13,7838;3,72857
12,4517;3,72857
35,8342;2,84221
33,1524;2,84221
4,59986;0,810359
11,8283;0,810359
2,27193;0,851798
9,59389;0,851798
14,1508;3,776
12,8499;3,776
16,9833;2,74224
14,4046;2,74224
0,22763;0,870881
6,23001;0,870881
24,1357;2,97598
23,8215;2,97598
14,8022;0,693233
20,5069;0,693233
26,0136;0,550364
32,8321;0,550364
13,0198;4,84149
12,5657;4,84149
46,4129;2,42882
43,3082;2,42882
37,1173;2,65004
35,116;2,65004
20,5474;1,2095
13,1373;1,2095
15,3225;2,35958
12,6642;2,35958
9,15844;2,02004
6,51118;2,02004
9,50985;2,01596
6,82915;2,01596
14,1401;3,91427
12,9264;3,91427
12,9501;3,89098
13,0553;3,89098
14,6424;3,977
14,9138;3,977
46,6743;1,77078
42,5245;1,77078
52,6695;1,92142
48,1199;1,92142
52,149;1,58214
47,1259;1,58214
52,5818;1,57991
47,4905;1,57991
12,0121;3,27453
10,2445;3,27453
5,82672;0,80113
11,833;0,80113
3,94439;0,820438
10,102;0,820438
21,3759;2,69639
18,5367;2,69639
20,6789;2,64471
20,0404;2,64471
14,6908;0,695488
20,4002;0,695488
12,718;4,31629
11,8911;4,31629
12,8998;4,16415
11,9501;4,16415
12,5072;4,68655
11,9891;4,68655
23,0328;1,7731
21,6961;1,7731
23,1697;1,77023
21,8183;1,77023
12,677;3,35596
12,5163;3,35596
12,6468;3,35981
12,4755;3,35981
21,9116;1,9109
17,5796;1,9109
28,7657;3,00427
26,3112;3,00427
28,723;3,01746
26,2487;3,01746
28,7788;3,00257
28,8597;3,00257
31,0442;3,00954
28,8441;3,00954
28,3436;3,08274
25,3398;3,08274
26,2974;2,87896
23,3589;2,87896
33,8008;2,51116
32,5164;2,51116
33,6511;2,52732
31,7851;2,52732
32,8381;2,34343
30,7613;2,34343
44,627;2,14046
41,4506;2,14046
44,8484;2,14576
41,6121;2,14576
27,3132;2,33196
26,5787;2,33196
16,3461;2,32498
15,6321;2,32498
17,844;2,41127
17,1044;2,41127
24,2198;1,87972
22,8714;1,87972
24,221;1,87555
22,8549;1,87555
21,1956;1,2758
13,8094;1,2758
19,8906;1,22828
12,4944;1,22828
2,89846;0,85638
9,04656;0,85638
11,5521;1,0453
6,45799;1,0453
14,7221;1,14364
9,47025;1,14364
3,28537;1,01568
6,80645;1,01568
44,6877;1,46954
40,0579;1,46954
48,0793;1,76769
43,6823;1,76769
23,7504;1,31671
18,4382;1,31671
23,6294;1,31849
18,2824;1,31849
27,622;1,41042
22,7473;1,41042
23,7532;2,80868
23,4003;2,80868
36,8663;1,32677
31,2896;1,32677
34,5888;3,00231
33,5473;3,00231
14,8228;1,10942
9,90645;1,10942
29,0761;2,26477
28,0666;2,26477
7,95633;1,95625
5,25544;1,95625
12,3005;4,29455
11,4798;4,29455
12,7886;4,81662
12,251;4,81662
26,4322;2,28645
25,559;2,28645
29,7513;2,31934
26,2172;2,31934
10,2941;0,756922
15,9486;0,756922
15,1026;3,99488
15,3721;3,99488
12,7481;4,44656
11,9825;4,44656
27,3277;2,32541
23,7005;2,32541
26,8718;2,29627
25,9815;2,29627
14,115;3,51313
14,0356;3,51313
33,1465;2,97835
32,6462;2,97835
25,9258;2,97736
25,7394;2,97736
35,4216;2,62547
34,0336;2,62547
25,2968;2,17042
24,306;2,17042
15,3665;3,96595
15,5924;3,96595
30,0971;2,30546
26,4582;2,30546
43,4708;2,13662
40,4685;2,13662
33,3397;2,35185
31,1943;2,35185
34,3577;2,54576
32,3692;2,54576
15,5647;3,94019
14,3465;3,94019
15,8341;3,98138
14,6024;3,98138
19,6491;1,76746
15,2438;1,76746
13,9186;3,70718
12,5711;3,70718
35,8524;2,80568
33,0648;2,80568
36,4035;2,80631
33,5946;2,80631
14,4778;3,58315
13,0306;3,58315
12,7329;4,67047
12,1564;4,67047
4,00676;0,929149
4,1217;0,929149
28,83;1,4571
21,9936;1,4571
14,8516;3,5028
13,2978;3,5028
13,9389;3,81023
12,6708;3,81023
0,488164;0,888234
5,89651;0,888234
14,7311;3,92999
14,9476;3,92999
13,4974;0,676086
19,2587;0,676086
29,8911;1,1316
23,5787;1,1316
29,7191;1,13505
23,3717;1,13505
25,7219;1,41886
20,3654;1,41886
53,4924;1,57632
48,2372;1,57632
35,8426;1,95224
29,8747;1,95224
4,19028;0,922173
8,20365;0,922173
4,17671;0,93377
8,01525;0,93377
1,51349;1,02565
4,25144;1,02565
4,79658;0,838835
10,8186;0,838835
9,58739;0,748604
15,4094;0,748604
3,4115;1,0178
6,95145;1,0178
12,3617;1,39465
8,56952;1,39465
9,68026;1,27057
5,80301;1,27057
10,6378;1,38818
6,84501;1,38818
6,008;1,1154
1,74265;1,1154
3,07261;1,37216
6,03262;1,37216
8,23188;0,938995
3,32246;0,938995
9,51629;0,737279
15,2357;0,737279
0,903519;0,838601
7,12191;0,838601
3,40796;0,91941
3,07498;0,91941
7,57421;1,01491
0,722245;1,01491
15,6405;4,00634
14,4356;4,00634
19,4794;3,00172
19,1651;3,00172
22,5665;1,77751
21,2519;1,77751
25,1661;2,34694
24,4008;2,34694
22,0308;2,69617
19,0642;2,69617
28,2278;2,39465
27,3155;2,39465
23,6688;2,45479
22,9738;2,45479
23,666;2,44657
22,933;2,44657
20,9261;2,56338
20,3143;2,56338
25,2903;2,18176
24,3557;2,18176
12,7641;3,31482
11,099;3,31482
13,4227;3,35509
11,7159;3,35509
13,6234;3,32514
11,884;3,32514
15,244;3,72463
13,7903;3,72463
14,4093;3,73528
13,0779;3,73528
14,9149;3,41736
13,2382;3,41736
14,8491;3,50152
13,2872;3,50152
14,2904;3,40231
14,1677;3,40231
15,7874;3,41105
14,03;3,41105
15,4359;2,3035
14,775;2,3035
14,3578;2,24707
11,5469;2,24707
15,6335;2,313
12,8682;2,313
19,4467;1,82413
15,2314;1,82413
21,4241;1,64497
19,9785;1,64497
17,4927;1,83611
16,3738;1,83611
16,4607;2,56796
15,7655;2,56796
17,3291;2,03625
16,3022;2,03625
19,821;2,5496
16,9127;2,5496
14,5243;2,33263
11,8198;2,33263
32,19;3,18451
32,0453;3,18451
35,4857;3,0377
33,027;3,0377
33,848;3,09105
31,6158;3,09105
35,7866;2,97322
34,1946;2,97322
30,519;3,33431
30,0567;3,33431
44,3648;2,14119
41,2247;2,14119
34,4608;2,54699
32,4573;2,54699
51,9202;1,99341
47,5015;1,99341
34,831;2,95506
34,0711;2,95506
37,8248;2,50523
36,1226;2,50523
34,747;2,82937
32,8632;2,82937
35,3735;2,80659
32,9072;2,80659
36,8537;2,75442
34,6766;2,75442
36,9966;2,61621
35,0279;2,61621
26,1247;2,96075
23,552;2,96075
12,9713;4,82674
12,5433;4,82674
21,7331;2,70631
21,3329;2,70631
28,7468;3,06746
26,2448;3,06746
33,0249;3,10514
30,9523;3,10514
36,8397;2,75641
34,4684;2,75641
34,152;2,60789
32,7518;2,60789
51,3689;1,94461
49,6268;1,94461
34,976;2,67547
33,3129;2,67547
35,0289;2,88174
31,9225;2,88174
22,0511;1,67596
17,8068;1,67596
12,381;2,11803
11,7629;2,11803
13,531;2,36364
12,8339;2,36364
11,3123;2,08863
8,49841;2,08863
16,9068;2,47986
16,2009;2,47986
13,558;3,0665
13,3062;3,0665
16,5294;2,95466
16,0716;2,95466
13,5898;3,05723
13,3241;3,05723
17,867;2,54268
17,2692;2,54268
18,019;3,10394
15,8268;3,10394
25,12;2,31714
21,1979;2,31714
18,4675;2,86444
18,0124;2,86444
15,1222;1,43409
10,6353;1,43409
10,8556;1,17852
6,08406;1,17852
38,2379;1,97358
32,86;1,97358
43,54;1,43899
41,4274;1,43899
0,582513;0,891313
4,11312;0,891313
37,3727;2,5003
35,114;2,5003
41,1407;2,5827
38,7022;2,5827
