3,07307;2,40721
3,13067;2,40721
50,7145;1,27901
53,7463;1,27901
7,04824;0,813011
5,79794;0,813011
46,361;2,21134
45,8121;2,21134
45,8347;2,17006
45,2696;2,17006
0,85178;1,87242
0,417288;1,87242
28,5529;2,69675
29,6477;2,69675
10,764;2,969
9,53309;2,969
2,55716;2,05576
2,97274;2,05576
12,994;2,7468
13,1339;2,7468
13,8798;2,82542
14,1456;2,82542
5,80399;2,35825
4,26017;2,35825
52,6957;1,81478
52,996;1,81478
48,9953;1,56385
49,1795;1,56385
16,5802;1,45952
17,0242;1,45952
16,8964;1,45131
17,3335;1,45131
49,1672;1,42574
49,3103;1,42574
66,9586;0,685855
66,2102;0,685855
13,0477;3,01142
11,7907;3,01142
12,4381;2,95996
12,755;2,95996
14,8369;1,50701
15,2414;1,50701
16,2324;1,23353
16,8121;1,23353
6,64018;2,53134
6,73017;2,53134
6,79425;2,41289
5,27096;2,41289
7,17782;2,55374
7,3768;2,55374
2,47751;2,06004
2,85802;2,06004
4,17616;2,16781
4,64307;2,16781
22,5418;1,98515
21,7704;1,98515
3,02942;2,31046
3,44829;2,31046
3,22629;2,23703
2,11617;2,23703
50,0268;1,25367
49,898;1,25367
49,9269;1,25117
49,7936;1,25117
4,58682;0,763614
3,07476;0,763614
1,77783;2,00838
0,992577;2,00838
2,2474;0,894818
0,573761;0,894818
20,179;1,27748
18,4997;1,27748
25,6265;2,12624
27,6083;2,12624
25,6649;2,12596
27,6121;2,12596
32,6002;1,25336
34,0913;1,25336
8,10354;2,85266
8,22771;2,85266
4,62152;2,23668
3,24956;2,23668
29,1831;1,26145
29,47;1,26145
14,4104;1,62775
13,7142;1,62775
5,75182;1,68551
5,29919;1,68551
4,95778;1,65517
5,65516;1,65517
7,94359;1,55583
8,7058;1,55583
15,931;3,0135
14,7281;3,0135
24,2385;1,89826
23,1806;1,89826
23,1755;1,846
22,1081;1,846
14,6658;1,39339
13,5039;1,39339
33,2441;1,28481
34,8126;1,28481
12,8153;2,73158
12,9572;2,73158
9,71781;2,89604
10,2224;2,89604
2,31773;2,19722
2,87702;2,19722
2,64855;0,626826
3,77743;0,626826
6,24708;1,67246
5,81128;1,67246
14,8656;1,53289
15,4879;1,53289
16,1898;1,56122
15,4565;1,56122
13,5677;1,63781
12,8018;1,63781
13,2365;1,76214
12,8285;1,76214
13,9282;1,65162
14,7565;1,65162
51,1292;1,4432
51,1907;1,4432
28,4716;2,4167
28,238;2,4167
9,60898;2,7574
10,0406;2,7574
9,60446;2,75754
10,0303;2,75754
8,26047;2,89597
8,64677;2,89597
8,27143;2,89611
8,65489;2,89611
10,0931;3,03125
10,5448;3,03125
10,0825;3,03228
10,5414;3,03228
9,07267;2,83766
7,91265;2,83766
10,4355;2,96009
9,37063;2,96009
4,95162;2,29192
5,01731;2,29192
5,01376;2,31114
4,99473;2,31114
15,6054;2,83835
14,3785;2,83835
3,69029;2,38442
4,136;2,38442
3,33247;2,31773
3,84893;2,31773
2,42922;2,04201
2,94076;2,04201
14,0298;1,13884
15,4966;1,13884
4,14684;2,47314
4,24722;2,47314
5,76974;2,47196
5,76606;2,47196
4,38948;1,69789
5,48569;1,69789
5,68041;1,70238
5,25215;1,70238
3,86772;2,18077
3,04445;2,18077
4,31762;2,48333
4,41005;2,48333
5,12976;1,72386
4,70959;1,72386
5,25369;1,70686
4,82384;1,70686
0,66638;1,99351
0,109245;1,99351
28,2493;2,66682
29,3687;2,66682
7,14326;2,44721
5,60992;2,44721
6,24541;2,50319
6,41102;2,50319
5,22278;2,43389
5,35838;2,43389
14,4338;1,71578
14,0174;1,71578
12,7627;0,971564
12,9625;0,971564
14,1604;1,15606
15,6133;1,15606
14,1179;1,15046
15,5754;1,15046
21,9122;1,37686
23,43;1,37686
44,6836;0,870881
43,8305;0,870881
29,8664;2,46633
30,1538;2,46633
29,8382;2,46395
30,1045;2,46395
20,1551;1,12831
20,3538;1,12831
15,7315;1,41167
16,0855;1,41167
5,02301;1,67561
5,0448;1,67561
4,83023;1,6833
4,85619;1,6833
37,4924;1,20545
35,7114;1,20545
54,4812;1,28634
53,5563;1,28634
52,4123;1,88014
52,7705;1,88014
6,78741;2,64597
7,2661;2,64597
6,88317;2,64848
7,38907;2,64848
25,3338;2,11109
27,3818;2,11109
25,5044;0,92704
25,1649;0,92704
11,154;1,06054
9,53748;1,06054
0,63951;0,879378
2,32578;0,879378
9,04082;2,83752
7,90157;2,83752
62,4592;1,69927
61,9169;1,69927
15,6431;1,56698
14,8462;1,56698
16,3158;1,50298
17,0843;1,50298
8,31709;2,15304
9,08383;2,15304
9,19145;2,11433
10,0073;2,11433
7,84544;2,23379
8,4612;2,23379
12,4391;1,42519
12,0902;1,42519
10,1105;1,48015
11,1164;1,48015
17,2388;1,05388
17,3364;1,05388
13,563;1,49815
13,773;1,49815
18,4195;1,37587
18,6659;1,37587
8,89206;2,55098
7,64821;2,55098
8,0978;2,4956
6,7991;2,4956
5,91821;2,48278
5,94975;2,48278
6,15222;2,49842
6,20724;2,49842
28,6427;1,24144
28,9694;1,24144
5,17391;2,49865
5,6528;2,49865
4,4428;2,43687
4,91495;2,43687
37,7079;1,67351
36,7835;1,67351
37,9205;1,67865
37,0483;1,67865
49,3115;1,84356
48,3487;1,84356
28,9423;1,33735
30,5062;1,33735
25,4332;1,35783
26,9967;1,35783
13,4807;2,92422
12,171;2,92422
13,471;2,92208
12,1601;2,92208
12,3837;2,96451
12,8185;2,96451
6,6693;2,7473
6,83275;2,7473
5,76953;2,67759
5,86254;2,67759
13,4959;1,67409
12,9935;1,67409
11,4616;1,89548
12,3241;1,89548
9,65783;1,52341
9,13045;1,52341
3,90865;1,74417
3,68355;1,74417
14,0527;1,78685
13,4193;1,78685
26,8228;2,4614
27,2472;2,4614
10,3832;2,94643
9,2797;2,94643
40,6923;1,23115
42,4155;1,23115
43,3681;1,29709
45,1326;1,29709
39,189;1,13419
37,3497;1,13419
23,3849;1,33384
21,9113;1,33384
49,8893;1,84504
48,9369;1,84504
49,8335;1,84547
48,9251;1,84547
5,02111;2,39359
5,29546;2,39359
52,9323;2,17987
52,8182;2,17987
52,4833;2,16528
52,4046;2,16528
50,2369;1,2571
50,1193;1,2571
0,109874;1,90926
0,930365;1,90926
15,7142;1,66095
15,1794;1,66095
15,09;1,68458
14,5881;1,68458
24,5651;1,01259
18,6472;1,01259
5,53835;2,55543
5,93666;2,55543
6,4807;2,50186
6,78424;2,50186
12,9201;1,83334
12,3526;1,83334
16,2968;1,49489
16,9862;1,49489
16,1754;1,4924
16,8462;1,4924
16,4529;1,48015
17,1;1,48015
10,0502;2,9186
10,5497;2,9186
8,10159;2,49905
6,78426;2,49905
16,1297;2,5575
14,2635;2,5575
8,54683;2,91699
8,93637;2,91699
9,04468;2,83876
9,5145;2,83876
13,4933;1,81143
12,9725;1,81143
12,6829;1,84801
12,2319;1,84801
6,44879;2,51731
6,62523;2,51731
0,388042;2,00535
0,173373;2,00535
54,6656;1,28146
53,7661;1,28146
15,3457;1,25398
15,9444;1,25398
5,61814;2,3466
4,07012;2,3466
5,13714;1,71806
4,71946;1,71806
23,9987;2,06498
23,3026;2,06498
5,93938;2,48365
5,95951;2,48365
5,41268;2,55443
5,54786;2,55443
4,95504;2,45447
5,48309;2,45447
28,2045;1,11698
29,7265;1,11698
3,83114;2,19142
2,98468;2,19142
4,07748;2,19205
4,56994;2,19205
6,39129;1,62991
7,54254;1,62991
9,36862;2,86074
8,21089;2,86074
4,81942;2,41306
4,77233;2,41306
4,87714;2,4167
4,8358;2,4167
28,7074;2,71209
29,8989;2,71209
52,3833;1,80689
52,6914;1,80689
79,0756;1,56411
77,5179;1,56411
11,3304;3,0072
11,8722;3,0072
12,3838;2,95797
12,8124;2,95797
2,15145;2,06479
1,30884;2,06479
2,35045;2,06194
2,8317;2,06194
2,05134;2,22844
2,53684;2,22844
70,0972;1,5238
73,445;1,5238
6,6309;2,40729
6,70365;2,40729
7,59128;2,81042
7,76631;2,81042
6,57525;2,62808
7,05015;2,62808
1,61839;2,16437
2,15509;2,16437
0,27066;2,01042
0,667893;2,01042
2,67824;2,38294
2,68212;2,38294
40,9352;1,56335
39,4716;1,56335
6,65166;0,981982
8,07064;0,981982
29,5057;1,11522
31,076;1,11522
43,6559;1,2998
45,4343;1,2998
43,5268;1,35191
41,9625;1,35191
15,2289;2,96438
15,7711;2,96438
10,3293;3,15287
9,37412;3,15287
13,072;3,13457
12,004;3,13457
12,9656;2,74645
13,1672;2,74645
9,05472;2,84269
7,96387;2,84269
10,373;2,94716
9,27654;2,94716
40,632;2,06147
39,9879;2,06147
27,9351;2,31444
27,7552;2,31444
13,2556;1,69535
14,2457;1,69535
12,7029;1,84525
12,1655;1,84525
16,563;1,56461
17,3341;1,56461
17,7881;1,51633
17,061;1,51633
13,797;1,66894
14,6446;1,66894
9,93543;2,08225
9,50134;2,08225
11,9146;2,0033
11,2999;2,0033
11,8634;1,94421
11,3471;1,94421
30,234;0,701929
29,9767;0,701929
16,9771;1,37174
17,786;1,37174
17,6964;1,27993
18,2259;1,27993
26,0373;1,21112
26,3642;1,21112
7,51727;1,56586
8,2773;1,56586
12,2889;1,44591
11,7217;1,44591
17,2146;1,29316
18,1591;1,29316
8,98335;1,53735
8,48007;1,53735
7,83058;0,862073
6,49912;0,862073
29,8173;0,532658
28,2712;0,532658
17,6996;1,34305
16,9256;1,34305
25,8888;1,26857
26,0544;1,26857
72,5187;1,06716
75,0371;1,06716
29,935;2,49222
28,0112;2,49222
45,5756;2,09835
44,9131;2,09835
9,0065;3,16403
9,64298;3,16403
39,0054;1,83376
38,1476;1,83376
3,02148;2,19196
2,98183;2,19196
2,37838;2,36662
2,42023;2,36662
6,57978;2,51754
6,84475;2,51754
47,1751;1,0359
46,1297;1,0359
9,7352;1,48833
9,6588;1,48833
