7,91412;2,14411
5,25884;2,14411
3,93001;1,2718
3,82268;1,2718
14,6863;1,9107
12,9391;1,9107
19,4993;4,19152
18,857;4,19152
24,3474;2,96108
23,3934;2,96108
25,7229;2,88799
24,0793;2,88799
29,5596;1,08661
31,3206;1,08661
6,61344;2,02507
4,25112;2,02507
8,0792;2,13148
5,71966;2,13148
4,61949;1,46767
4,81369;1,46767
37,4411;4,31924
34,2031;4,31924
26,4377;4,10537
27,9434;4,10537
10,0601;1,05758
6,56592;1,05758
35,3403;1,07447
31,7788;1,07447
1,46788;1,93492
3,03508;1,93492
0,770269;1,60498
0,521837;1,60498
32,561;4,33874
35,2843;4,33874
34,199;4,59917
32,8636;4,59917
6,79734;3,33331
5,47332;3,33331
1,51737;0,642853
4,97954;0,642853
1,57222;0,649817
5,03517;0,649817
24,3581;4,07597
23,643;4,07597
38,2508;2,82965
41,4708;2,82965
3,78443;2,03298
4,91151;2,03298
3,02172;1,99204
4,22228;1,99204
3,23445;2,00379
4,41476;2,00379
5,64359;0,885586
3,69753;0,885586
0,239471;1,71018
0,564543;1,71018
0,232581;1,73596
0,957572;1,73596
0,0403279;1,93229
2,07083;1,93229
46,4749;1,04361
51,3939;1,04361
0,276997;1,57768
1,66739;1,57768
4,34966;0,997992
7,3206;0,997992
7,07995;1,0598
8,30025;1,0598
2,22436;0,748866
5,66387;0,748866
1,51605;0,640108
4,97385;0,640108
3,15001;1,5238
0,961665;1,5238
2,93499;1,63159
1,68878;1,63159
2,12568;1,69212
0,957125;1,69212
2,83713;1,63315
1,59876;1,63315
4,21681;1,4143
2,63042;1,4143
7,07219;0,750171
7,37052;0,750171
4,43739;1,341
2,7578;1,341
4,74709;1,33031
3,05581;1,33031
2,29926;0,526004
5,7091;0,526004
4,21881;2,06886
5,24506;2,06886
24,738;0,96874
26,2574;0,96874
35,7613;3,6179
37,9852;3,6179
22,9628;2,85252
24,1316;2,85252
23,0107;2,86198
24,2209;2,86198
32,8824;3,84609
35,6577;3,84609
41,2534;2,53296
45,5418;2,53296
3,3159;3,59461
8,56234;3,59461
3,68871;0,600357
6,26283;0,600357
1,17471;1,92224
2,05444;1,92224
5,19806;1,29875
2,72144;1,29875
19,3147;2,39089
19,1959;2,39089
8,61313;2,70052
9,54666;2,70052
17,4128;2,36331
17,8071;2,36331
3,30279;1,88388
1,22633;1,88388
3,79871;1,75178
2,58453;1,75178
1,98463;1,81402
0,903399;1,81402
27,5631;1,08625
26,3829;1,08625
16,2391;2,75669
15,4503;2,75669
7,38389;2,72426
8,4049;2,72426
21,4199;2,92342
22,5851;2,92342
5,63365;2,69377
6,58627;2,69377
11,4467;2,42527
9,85238;2,42527
28,1086;1,73054
28,209;1,73054
3,35639;1,45508
1,84625;1,45508
23,9606;3,18985
25,4459;3,18985
7,01914;2,15885
6,11648;2,15885
2,91962;0,473126
6,39422;0,473126
3,12252;0,486583
6,60833;0,486583
33,0101;4,54864
34,6426;4,54864
0,66338;1,74428
1,10184;1,74428
11,7221;2,67166
12,4558;2,67166
10,3029;2,70414
11,1891;2,70414
2,21494;1,77443
1,07613;1,77443
30,91;4,46537
33,6617;4,46537
30,1793;4,47733
33,871;4,47733
6,76564;0,606518
4,85131;0,606518
5,90641;0,802107
3,92713;0,802107
12,4464;2,30044
12,8748;2,30044
29,3207;2,15268
32,04;2,15268
29,2989;2,16048
32,0287;2,16048
2,24178;1,93977
3,59367;1,93977
5,53584;2,04018
5,31864;2,04018
8,84127;1,92
9,13817;1,92
4,77448;3,09237
6,04983;3,09237
0,716713;1,87659
1,65266;1,87659
2,11586;1,57806
0,928593;1,57806
21,2743;2,53505
21,1715;2,53505
8,90749;1,12587
6,9844;1,12587
8,28188;1,17387
6,41421;1,17387
2,28276;1,99204
3,07762;1,99204
1,64387;1,9436
2,48995;1,9436
1,26607;1,9261
2,14423;1,9261
1,22641;2,02932
2,10439;2,02932
7,43975;2,17745
6,60751;2,17745
6,4371;0,607807
10,2689;0,607807
26,4543;4,19946
27,9818;4,19946
38,0832;3,21059
41,2382;3,21059
37,9864;3,22489
41,1575;3,22489
5,90488;0,806486
3,9249;0,806486
5,63387;3,32555
6,385;3,32555
5,82171;3,35071
6,62263;3,35071
3,7289;1,405
2,14496;1,405
2,86257;1,5184
0,669122;1,5184
2,66295;1,75658
1,51417;1,75658
0,480791;1,75647
1,26281;1,75647
0,132473;2,3516
1,50431;2,3516
1,14178;1,67865
2,82815;1,67865
3,13643;1,52033
0,949082;1,52033
3,35273;2,00896
4,51851;2,00896
7,81405;2,14101
8,42889;2,14101
36,9352;3,36482
39,6071;3,36482
21,9083;2,72412
22,8494;2,72412
22,3657;2,79918
23,4338;2,79918
7,55295;2,12983
6,7302;2,12983
20,0518;2,48317
18,7267;2,48317
15,3996;2,67328
16,2189;2,67328
4,79661;2,51201
5,74459;2,51201
7,14282;2,58096
6,64568;2,58096
0,707134;1,99802
0,279862;1,99802
1,78259;2,00399
0,288454;2,00399
6,1131;2,85108
5,83075;2,85108
24,3801;2,9198
25,9092;2,9198
31,4579;4,468
33,6463;4,468
4,4228;2,07698
5,40579;2,07698
35,4821;1,64318
37,1774;1,64318
2,97765;1,46834
1,5175;1,46834
5,88845;1,25211
4,08089;1,25211
37,007;3,53003
39,0292;3,53003
1,35134;1,8266
2,77007;1,8266
34,1789;4,28743
35,4088;4,28743
25,6253;3,85011
28,017;3,85011
9,78832;2,80163
10,7794;2,80163
7,43539;2,60452
8,34188;2,60452
17,5494;2,50124
18,0705;2,50124
21,4451;2,93171
22,6021;2,93171
37,0903;3,35211
39,6689;3,35211
5,51222;1,21273
2,79904;1,21273
34,8839;1,84864
36,2571;1,84864
35,7427;2,15341
36,9728;2,15341
5,28848;1,28054
3,53616;1,28054
34,8975;1,86288
38,2934;1,86288
3,24996;1,99469
4,50601;1,99469
34,5114;4,24888
35,6557;4,24888
33,4179;3,91637
35,3301;3,91637
0,773601;1,56348
0,526983;1,56348
34,632;4,14685
37,173;4,14685
8,00582;2,21355
6,98927;2,21355
5,52716;1,53672
4,11199;1,53672
4,95034;1,59667
3,61309;1,59667
0,74931;1,99665
1,67921;1,99665
2,5188;2,11868
3,33648;2,11868
6,78;2,67218
7,76371;2,67218
7,47658;2,16338
6,85107;2,16338
1,3314;1,71018
0,220483;1,71018
8,53033;1,68934
7,25493;1,68934
3,2337;1,70203
2,01134;1,70203
0,206625;1,96633
1,14154;1,96633
23,4768;2,96385
24,7794;2,96385
1,32623;0,504354
3,67366;0,504354
5,4685;1,41014
3,92818;1,41014
4,04008;1,54611
2,68055;1,54611
45,4576;0,930622
49,9706;0,930622
7,54493;1,06514
4,85011;1,06514
4,57805;1,32604
2,13628;1,32604
5,27147;1,39718
2,91487;1,39718
1,0095;1,80168
2,53877;1,80168
39,2036;3,25426
42,934;3,25426
38,7789;3,048
42,6545;3,048
34,5555;4,16217
37,1171;4,16217
22,3419;2,75435
23,3996;2,75435
18,4675;2,78923
17,6807;2,78923
38,0758;2,46299
40,8683;2,46299
34,7872;2,15631
37,0874;2,15631
23,9938;3,22889
25,5295;3,22889
19,6406;2,51653
21,8876;2,51653
3,57686;1,87221
4,41643;1,87221
0,314372;1,97586
0,17371;1,97586
5,89202;1,78103
6,50597;1,78103
5,36017;2,66609
4,92188;2,66609
4,08008;2,23502
4,85542;2,23502
2,06693;2,39923
1,70122;2,39923
