6,06245;2,41954
5,57951;2,41954
5,88206;2,40322
5,45178;2,40322
19,1153;2,33758
18,6902;2,33758
5,74093;2,40428
5,59429;2,40428
5,27443;1,71281
6,87187;1,71281
31,9095;2,11591
30,4978;2,11591
21,2046;2,52708
21,2486;2,52708
11,0116;2,94444
10,8038;2,94444
10,4599;2,91537
10,2016;2,91537
21,5798;1,94169
22,137;1,94169
9,04497;2,81042
8,79362;2,81042
3,76542;2,14156
2,46845;2,14156
32,8335;1,91295
35,8102;1,91295
33,8767;1,90814
34,5909;1,90814
22,1264;2,79274
22,6759;2,79274
9,44582;2,83628
7,57091;2,83628
10,7004;2,95479
9,00139;2,95479
4,50414;2,21867
4,41348;2,21867
32,8021;2,23476
31,5831;2,23476
31,992;2,19035
30,7744;2,19035
22,8015;1,10712
23,7705;1,10712
25,6405;2,09984
24,1975;2,09984
24,4951;1,56898
24,3211;1,56898
9,99766;2,89449
8,28167;2,89449
8,81336;1,96154
10,1539;1,96154
13,1204;0,840233
12,5259;0,840233
8,66852;2,80896
7,56362;2,80896
26,0752;2,70226
26,848;2,70226
26,779;2,49607
27,4221;2,49607
22,3392;2,27684
21,352;2,27684
21,9489;2,27615
21,0812;2,27615
15,59;2,97493
13,1909;2,97493
5,6068;3,04902
5,50756;3,04902
22,7428;1,10535
20,1537;1,10535
22,807;1,10889
20,2877;1,10889
3,76019;2,24585
3,05526;2,24585
3,44978;2,02816
3,41038;2,02816
4,631;1,92529
4,81335;1,92529
6,67346;1,18597
6,43561;1,18597
7,37103;1,15572
7,17248;1,15572
24,1276;1,18432
22,2822;1,18432
21,7193;2,89753
20,4629;2,89753
9,79864;2,85883
9,50464;2,85883
31,7666;1,88658
33,402;1,88658
30,3668;1,28024
31,5004;1,28024
30,438;1,28359
31,6328;1,28359
9,1899;2,94298
8,84758;2,94298
9,42301;2,97137
9,26002;2,97137
13,3292;2,49387
13,0531;2,49387
14,6542;2,54076
14,148;2,54076
3,36581;2,0269
2,05154;2,0269
23,4684;0,624323
24,0128;0,624323
6,63626;1,52161
7,55627;1,52161
25,8576;1,84441
25,7563;1,84441
26,2239;1,83526
26,0247;1,83526
7,2375;2,34343
5,71465;2,34343
1,14127;1,33867
2,72913;1,33867
20,7121;1,83941
21,3013;1,83941
7,83852;2,82799
6,0837;2,82799
9,30576;2,85554
8,61927;2,85554
39,0284;1,50194
37,794;1,50194
3,67923;2,12937
2,07852;2,12937
4,63146;2,20664
3,0326;2,20664
8,66109;0,923869
10,3511;0,923869
11,6753;2,80923
10,1058;2,80923
5,41499;2,33272
3,57326;2,33272
1,49583;2,35568
0,0621235;2,35568
10,1235;2,89516
8,35972;2,89516
7,0565;1,58264
6,82731;1,58264
5,97353;1,27226
5,87392;1,27226
7,50834;1,20333
7,424;1,20333
7,37454;2,77707
6,70574;2,77707
7,57635;2,80365
7,20702;2,80365
16,0832;1,28283
16,8385;1,28283
5,85888;2,394
5,41048;2,394
6,74836;2,48443
6,36642;2,48443
13,5407;3,01448
13,4096;3,01448
14,8501;3,09775
13,0177;3,09775
14,3841;3,10646
13,5488;3,10646
14,8406;2,92342
14,1344;2,92342
21,4147;2,59163
20,452;2,59163
21,5631;2,31892
21,2992;2,31892
4,25712;1,21756
5,78239;1,21756
7,98996;2,61913
8,28922;2,61913
20,6852;0,771771
21,5879;0,771771
12,3103;2,55665
12,49;2,55665
12,1655;2,5433
12,3485;2,5433
8,81525;0,688134
5,45446;0,688134
8,92619;0,690688
5,63954;0,690688
1,78731;1,5131
2,48759;1,5131
35,7597;2,06014
35,0884;2,06014
36,2601;1,75368
34,2077;1,75368
35,3716;1,51297
34,4111;1,51297
22,6345;1,51955
20,5509;1,51955
21,4314;2,58702
20,4079;2,58702
21,3278;2,57085
20,3545;2,57085
10,0694;3,03854
8,99494;3,03854
10,0653;3,04015
9,00051;3,04015
7,75372;2,8506
6,66974;2,8506
12,5207;2,89009
12,841;2,89009
12,3308;3,12023
12,8971;3,12023
15,8618;0,96388
16,5394;0,96388
27,3009;1,0884
27,5434;1,0884
29,5932;1,24317
29,5679;1,24317
9,71761;1,11276
8,71066;1,11276
8,31589;2,76789
7,07758;2,76789
4,17585;2,20451
3,98405;2,20451
9,12026;2,96768
9,55817;2,96768
8,83788;2,94244
9,25;2,94244
21,0095;0,766172
21,9167;0,766172
9,51277;2,74566
9,94121;2,74566
7,40953;2,92402
7,72574;2,92402
5,04354;0,668225
2,95723;0,668225
3,44972;2,04469
3,47841;2,04469
1,94955;1,84578
2,02941;1,84578
22,3686;1,93158
20,8971;1,93158
1,89492;1,83675
1,9743;1,83675
10,392;2,94464
10,8907;2,94464
4,37876;2,27434
3,6119;2,27434
4,57262;2,34268
4,55266;2,34268
4,60511;2,34268
3,77316;2,34268
22,3234;2,85087
22,9718;2,85087
4,85537;2,23983
4,77959;2,23983
10,7432;2,96861
11,2403;2,96861
12,7538;1,11294
10,8119;1,11294
0,919052;1,37828
1,61188;1,37828
6,83768;1,17952
6,68232;1,17952
4,26355;1,31908
4,05832;1,31908
31,5408;2,1883
31,1618;2,1883
5,0449;2,55098
5,06263;2,55098
6,70403;2,62047
5,73915;2,62047
20,6105;2,75449
21,2944;2,75449
8,15497;2,87732
8,45505;2,87732
7,76449;1,50558
7,67035;1,50558
7,77833;1,50376
7,67968;1,50376
30,7048;1,27718
30,8964;1,27718
5,13143;2,32995
4,94189;2,32995
5,6921;2,39735
5,55836;2,39735
14,3361;1,03382
15,015;1,03382
8,35083;2,64153
8,72956;2,64153
5,00001;2,31207
4,8135;2,31207
14,1638;2,94696
13,2228;2,94696
5,46054;2,48562
5,49159;2,48562
36,0607;1,66554
33,5438;1,66554
13,8187;2,89989
12,8844;2,89989
13,8055;2,90043
14,0266;2,90043
22,524;2,88819
21,9589;2,88819
1,87166;1,8443
1,24126;1,8443
16,0259;1,64758
16,8118;1,64758
9,10343;2,96709
8,04135;2,96709
22,0277;1,42985
19,8883;1,42985
5,77083;2,52546
4,79104;2,52546
5,59368;2,3729
5,5048;2,3729
11,3174;0,88669
9,64245;0,88669
9,87375;0,8946
9,72041;0,8946
24,9134;1,21273
23,2276;1,21273
4,92689;2,28225
4,79992;2,28225
4,95298;2,29055
4,81728;2,29055
11,0167;1,34348
11,6094;1,34348
5,46477;2,46116
4,59448;2,46116
31,1104;1,88242
30,4727;1,88242
4,51107;2,20522
4,40661;2,20522
4,53294;2,21497
4,42106;2,21497
29,3967;1,53951
28,3136;1,53951
11,4573;3,15399
10,4724;3,15399
11,44;3,15331
11,9281;3,15331
22,4525;2,4695
21,2195;2,4695
20,8359;2,15059
20,5626;2,15059
44,5975;1,35031
43,7545;1,35031
0,738921;1,54662
1,58488;1,54662
0,461127;1,57321
0,548252;1,57321
1,62758;1,85583
0,967799;1,85583
1,80513;1,87064
1,13062;1,87064
13,1619;1,01549
13,8819;1,01549
12,4136;1,18035
13,129;1,18035
18,2284;1,47485
16,6636;1,47485
1,82269;1,38804
3,14986;1,38804
20,6975;2,4314
20,604;2,4314
11,3192;3,01921
10,2506;3,01921
14,7773;3,17441
15,331;3,17441
7,85056;2,8641
8,23003;2,8641
4,77997;2,26572
4,63851;2,26572
5,36408;2,46641
5,40464;2,46641
5,37227;2,36173
5,14654;2,36173
6,27179;2,818
6,42694;2,818
6,86087;2,49967
7,04969;2,49967
2,34321;1,88989
2,40461;1,88989
2,36965;1,90115
2,43098;1,90115
18,1095;0,706098
16,7301;0,706098
1,95926;1,5552
1,85991;1,5552
1,83773;1,56072
1,68952;1,56072
13,0965;1,12674
12,9491;1,12674
21,1389;0,668518
21,6853;0,668518
5,00726;2,18292
4,75677;2,18292
6,84341;2,7693
7,09329;2,7693
7,89472;2,74217
8,25777;2,74217
6,32242;2,59171
6,42122;2,59171
22,0289;1,30056
19,3193;1,30056
8,70192;1,46554
8,61083;1,46554
6,41807;1,59373
7,19247;1,59373
6,56807;2,74167
6,80756;2,74167
4,51941;2,32751
4,50368;2,32751
21,2041;1,32618
21,729;1,32618
12,7985;2,92503
13,1405;2,92503
6,9998;1,22828
6,9053;1,22828
4,03619;1,37572
3,88749;1,37572
0,212204;1,62835
0,931113;1,62835
2,12858;1,53531
1,99855;1,53531
10,9981;2,99519
9,91608;2,99519
0,333563;1,53773
0,495124;1,53773
11,333;1,27257
11,2636;1,27257
22,3115;1,38084
19,7843;1,38084
34,6644;1,40917
33,6539;1,40917
21,4998;2,60564
20,5186;2,60564
13,6859;3,04195
14,044;3,04195
4,53746;2,37422
4,3348;2,37422
4,45606;2,36488
4,25832;2,36488
4,57956;2,38113
4,3911;2,38113
2,8744;2,00925
2,18119;2,00925
4,10116;2,17682
3,39525;2,17682
2,48477;1,92824
2,54566;1,92824
7,2034;2,804
7,50184;2,804
18,9993;1,31179
19,3012;1,31179
3,81645;2,10803
3,71156;2,10803
7,42966;2,92469
7,74395;2,92469
3,98031;2,16546
3,26742;2,16546
10,2399;1,31982
9,13178;1,31982
8,17389;1,18927
8,53889;1,18927
8,23812;1,54256
8,15925;1,54256
6,98579;1,1727
6,83347;1,1727
1,59261;1,53672
1,51455;1,53672
7,54833;2,82307
6,3993;2,82307
5,16412;2,3302
4,9998;2,3302
21,984;2,79771
22,7765;2,79771
25,5063;1,24772
23,8178;1,24772
22,5133;1,10588
20,7436;1,10588
7,21605;2,80386
7,49879;2,80386
3,36213;2,04641
3,38693;2,04641
2,19302;1,87764
2,24546;1,87764
9,82833;1,04042
8,37135;1,04042
8,48592;2,9198
8,92199;2,9198
3,80611;2,18982
3,0525;2,18982
10,9883;2,99722
11,4885;2,99722
11,2834;3,02602
11,7935;3,02602
4,59083;2,33749
3,76457;2,33749
22,0527;2,77149
22,5522;2,77149
22,2194;2,8223
21,5642;2,8223
5,53475;2,50163
5,45254;2,50163
6,1194;2,55267
5,18707;2,55267
6,24845;2,81772
6,40924;2,81772
6,81214;2,76654
7,09892;2,76654
6,54643;2,61487
6,66941;2,61487
6,21402;2,70269
6,39493;2,70269
4,16548;2,21187
4,17277;2,21187
3,53436;2,07764
3,56383;2,07764
3,6317;2,14731
3,62862;2,14731
3,83248;2,17367
3,58956;2,17367
4,70671;2,15168
4,44674;2,15168
4,61151;2,38573
4,42995;2,38573
19,0024;1,30386
19,2833;1,30386
25,2411;1,2166
23,5921;1,2166
27,095;1,08191
27,3005;1,08191
23,1089;1,30506
23,6017;1,30506
23,3874;1,30251
23,8944;1,30251
26,4611;1,30671
25,0744;1,30671
26,7668;1,3112
25,4293;1,3112
12,4373;2,88887
12,8102;2,88887
12,8889;3,15207
11,9592;3,15207
12,1748;2,54361
12,3659;2,54361
13,8165;2,90448
14,0392;2,90448
10,2337;2,67276
10,4848;2,67276
8,60661;2,80673
7,56897;2,80673
9,6406;3,12036
8,71962;3,12036
8,74239;3,15095
7,94956;3,15095
11,3571;2,9007
11,7441;2,9007
9,76095;3,02012
10,2142;3,02012
31,7042;2,25681
31,3447;2,25681
21,1709;2,52189
21,2963;2,52189
20,9783;2,17942
20,688;2,17942
20,7132;2,43373
20,6221;2,43373
3,6618;1,25772
5,1353;1,25772
17,7366;1,46233
15,8596;1,46233
22,8878;1,54358
20,6543;1,54358
21,6327;1,33193
18,5373;1,33193
14,0102;1,10535
13,9049;1,10535
14,8148;0,978788
14,688;0,978788
17,7468;0,734886
18,2687;0,734886
14,1414;0,850648
14,9821;0,850648
10,4398;0,911072
12,5242;0,911072
19,4182;0,713267
20,2776;0,713267
16,5602;0,659975
18,0198;0,659975
14,3315;1,08679
14,211;1,08679
1,64148;1,8573
0,959459;1,8573
8,58385;1,11065
8,88023;1,11065
2,67586;1,46206
2,50588;1,46206
9,03562;0,693516
5,8239;0,693516
2,31301;1,39984
2,42959;1,39984
0,667536;1,52662
0,819819;1,52662
1,63127;1,94048
1,41836;1,94048
15,183;0,99544
15,0581;0,99544
17,7348;0,906982
17,6718;0,906982
13,7548;1,04305
13,6488;1,04305
13,7928;1,05276
14,4949;1,05276
15,7529;0,920048
15,5501;0,920048
4,44165;1,83824
5,19703;1,83824
21,9918;1,4992
19,6414;1,4992
17,7685;1,08858
13,216;1,08858
40,1753;1,76303
38,6343;1,76303
24,6782;1,57421
21,8164;1,57421
23,3091;1,66413
21,05;1,66413
10,2081;1,09932
6,61596;1,09932
20,7853;2,4256
20,8295;2,4256
21,5109;2,30367
21,1268;2,30367
14,8592;2,91799
14,0833;2,91799
22,1434;2,39498
22,1575;2,39498
31,3562;2,13561
30,9073;2,13561
31,7233;2,25923
31,3621;2,25923
12,9124;3,15225
11,9755;3,15225
9,36113;3,32873
10,2192;3,32873
14,0059;3,03873
13,1081;3,03873
22,7231;1,7482
21,7488;1,7482
28,0632;1,82349
27,4459;1,82349
33,3719;1,92173
32,8819;1,92173
4,07711;2,1097
4,00699;2,1097
33,36;2,18919
33,1384;2,18919
41,0163;1,57892
39,8335;1,57892
24,0191;2,17978
22,8197;2,17978
27,0273;2,39065
25,5705;2,39065
17,2782;1,45253
16,2655;1,45253
18,8343;1,1103
14,2595;1,1103
6,41443;1,41361
6,49936;1,41361
8,77547;1,35104
9,58777;1,35104
11,8563;1,19124
11,7285;1,19124
28,1335;0,961848
25,4069;0,961848
